# ee
3.703752449249154283e-02
5.968916658817736282e-02
6.582548860159542770e-02
5.690643006373835577e-02
4.071851648498514553e-02
2.506294520760690356e-02
1.424213629846425404e-02
8.736259838874459172e-03
6.782723398428888023e-03
6.251297016547764304e-03
5.752941700835502610e-03
5.101562203020102923e-03
4.416141981793910223e-03
3.957710008463837838e-03
3.932613291221560489e-03
4.186432130957346877e-03
4.509479219103199391e-03
4.831767321001813505e-03
5.147666813097538478e-03
5.569282722328292717e-03
6.211892980545265751e-03
7.085732964314452043e-03
8.173306043304760793e-03
9.451225834884309854e-03
1.089696908927757779e-02
1.249737243598106340e-02
1.424589223416644450e-02
1.615309532243876245e-02
1.822704141189965613e-02
2.044863600643436960e-02
2.279906994310380505e-02
2.528782959888786763e-02
2.793766744121318688e-02
3.079608763938378874e-02
3.390125635897511813e-02
3.722924555987684736e-02
4.075187383544024572e-02
4.448607856297211172e-02
4.846008490020812381e-02
5.269495423995387146e-02
5.718316900414147086e-02
6.191005926309996882e-02
6.686095128271607457e-02
7.202119795997290186e-02
7.738190831311705931e-02
8.295744791643215599e-02
8.876795748767697669e-02
9.483359296237973968e-02
1.011745102760686077e-01
1.078056532782631638e-01
1.147212239988341237e-01
1.219102199905282846e-01
1.293616311972077271e-01
1.370644703893886263e-01
1.450099112608374263e-01
1.531978777227072930e-01
1.616305002627097254e-01
1.703098637152482275e-01
1.792381137858037043e-01
1.884164983314643438e-01
1.978430542599816100e-01
2.075149358484837114e-01
2.174293278096374737e-01
2.275834300738791838e-01
2.379734381988667657e-01
2.485918954776098477e-01
2.594304017014171237e-01
2.704805110082892927e-01
2.817338384073044266e-01
2.931823793517748800e-01
3.048199249917983855e-01
3.166406317039375806e-01
3.286387471713713149e-01
3.408084277706622256e-01
3.531431602965205974e-01
3.656332662476283191e-01
3.782683975408150379e-01
3.910381756573716450e-01
4.039321612075115198e-01
4.169401887212966784e-01
4.300526101329477102e-01
4.432600208609950854e-01
4.565528641462756054e-01
4.699217658428583300e-01
4.833568039651152670e-01
4.968462912661716913e-01
5.103780230949942487e-01
5.239399469782431984e-01
5.375197973938080631e-01
5.511053696906552668e-01
5.646841244268254734e-01
5.782434612892819459e-01
5.917704756096002772e-01
6.052526279458212422e-01
6.186771962427528582e-01
6.320316410584357891e-01
6.453030577244458499e-01
6.584789067988235933e-01
6.715465270974546597e-01
6.844931356940697764e-01
6.973061931467094965e-01
7.099728556580271466e-01
7.224806446571407914e-01
7.348166554756260238e-01
7.469684095426012416e-01
7.589231239317968392e-01
7.706680765880211670e-01
7.821907280693146669e-01
7.934783563204858003e-01
8.045187871260397472e-01
8.153024028557359637e-01
8.258199511057984221e-01
8.360624229567612531e-01
8.460205660048486509e-01
8.556853713305945242e-01
8.650476474013004680e-01
8.740983244264232122e-01
8.828281500021866179e-01
8.912279934669700143e-01
8.992888459013071989e-01
9.070014549014224770e-01
9.143568115478498681e-01
9.213456634368134557e-01
9.279590016488471482e-01
9.341875129090978502e-01
9.400223100402542720e-01
9.454540188963858061e-01
9.504735696869489603e-01
9.550718926214001314e-01
9.592416831704427826e-01
9.629819065257597677e-01
9.662937801089005463e-01
9.691780952438723284e-01
9.716361302233019748e-01
9.736686155001191834e-01
9.752765858826411005e-01
9.764611370502619403e-01
9.772231211980666465e-01
9.775635731343721435e-01
9.774835276674953555e-01
9.769838978635985161e-01
9.760656576599211487e-01
9.747297201226252650e-01
9.729773026732605468e-01
9.708091966358338709e-01
9.682264368186623837e-01
9.652299971589857197e-01
9.618209124651208031e-01
9.580001566743072683e-01
9.537710776958061576e-01
9.491468236823514815e-01
9.441432819851637293e-01
9.387758529868435176e-01
9.330603022964563120e-01
9.270121520387575309e-01
9.206471069517354611e-01
9.139808717733778343e-01
9.070289686284402908e-01
8.998071022549107845e-01
8.923309773907773801e-01
8.846160552897180951e-01
8.766781015607985061e-01
8.685326991998514323e-01
8.601955529448651605e-01
8.516822457916725098e-01
8.430083607361065212e-01
8.341896633872327715e-01
8.252417367408841908e-01
8.161802246639713321e-01
8.070207101523273474e-01
7.977788979439399686e-01
7.884704319057199706e-01
7.791108341624227718e-01
7.697159311941913495e-01
7.603039843242676010e-01
7.509045768963031886e-01
7.415499705813587417e-01
7.322725487926499133e-01
7.231045732012371108e-01
7.140783054781810746e-01
7.052260072945422120e-01
6.965800620635362872e-01
6.881727923273013303e-01
6.800363988858202369e-01
6.722032651523088820e-01
6.647055919267500501e-01
6.575758234934369062e-01
6.508461606523526788e-01
6.445489259456351760e-01
6.387163810443452494e-01
6.333808484906207070e-01
6.285746508265998012e-01
6.243301105944205620e-01
6.206794894651436190e-01
6.176550491098293794e-01
6.152891729416936073e-01
6.136140617607191983e-01
6.126620989801219164e-01
6.124655462709621689e-01
6.130564218199907600e-01
6.144654655213315220e-01
6.167232346558755296e-01
6.198601647623595001e-01
6.239068131216746194e-01
6.288936152725573825e-01
6.348510067537440626e-01
6.418095448461261787e-01
6.497997868305950275e-01
6.588521073748093704e-01
6.689970028885833253e-01
6.802650306528081892e-01
6.926866262062202351e-01
7.062922859586334701e-01
7.211125063198617902e-01
7.371778445707964922e-01
7.545186753790964485e-01
7.731654951545756660e-01
7.931488611781254416e-01
8.144992089884821596e-01
8.372470958665372276e-01
8.614230182221044307e-01
8.870573507228427523e-01
9.141805897785660884e-01
9.428232926701657357e-01
9.730160775496107251e-01
1.004789075600249770e+00
1.038173148458361839e+00
1.073198609920528179e+00
1.109895956396562910e+00
1.148295745167357440e+00
1.188428290029492906e+00
1.230324270006015741e+00
1.274014120635662328e+00
1.319528155715014250e+00
1.366897176009272519e+00
1.416151373572863914e+00
1.467321549170989670e+00
1.520437894858076122e+00
1.575531211399324505e+00
1.632631569107006575e+00
1.691769890488478367e+00
1.752976245856011639e+00
1.816281557716962425e+00
1.881715896383602260e+00
1.949310184363287179e+00
2.019094491968289162e+00
2.091099498221654418e+00
2.165355882146429156e+00
2.241893714054884690e+00
2.320735637987841216e+00
2.401870210182733612e+00
2.485278438863390615e+00
2.570941088769330918e+00
2.658838681155762718e+00
2.748952224246515197e+00
2.841261995812486507e+00
2.935749004077505386e+00
3.032393770296780477e+00
3.131177302694140518e+00
3.232080122524793708e+00
3.335082994528259182e+00
3.440166683444055629e+00
3.547311467043080757e+00
3.656499084002093891e+00
3.767709081639063928e+00
3.880922711662128766e+00
3.996120738810807538e+00
4.113284171308928094e+00
4.232393286927390363e+00
4.353428363437092052e+00
4.476370896030481994e+00
4.601201892931388038e+00
4.727900901457779526e+00
4.856449416802106178e+00
4.986827960219573974e+00
5.119017539934014316e+00
5.252998190232013975e+00
5.388751406306021785e+00
5.526257222442627182e+00
5.665496646865658015e+00
5.806450687798943022e+00
5.949099866497690847e+00
6.093424704217111021e+00
6.239405722212410410e+00
6.387024415676039624e+00
6.536260818894585434e+00
6.687096427060496673e+00
6.839510300523123476e+00
6.993485395380773184e+00
7.149000771982795044e+00
7.306037438553016905e+00
7.464576890283887600e+00
7.624599161461996566e+00
7.786084286373932351e+00
7.949014247180762105e+00
8.113370052106315455e+00
8.279130761499940760e+00
8.446277870554087741e+00
8.614793361429821772e+00
8.784647042072720069e+00
8.955779502311166596e+00
9.128119644726673698e+00
9.301597345837992137e+00
9.476141508226636034e+00
9.651683956285832977e+00
9.828151644722614932e+00
1.000547834580469519e+01
1.018359101423910396e+01
1.036241952654459375e+01
1.054189570711439394e+01
1.072194748459277669e+01
1.090250570943573294e+01
1.108350025816201523e+01
1.126486003335313235e+01
1.144651588546507881e+01
1.162839769101660536e+01
1.181043532652646100e+01
1.199255672063891964e+01
1.217469467168445085e+01
1.235677613437008660e+01
1.253873390702629820e+01
1.272049591829735782e+01
1.290199301863925463e+01
1.308315313669626256e+01
1.326390809686161099e+01
1.344418777565405243e+01
1.362392010171785728e+01
1.380303787338349686e+01
1.398146707142076473e+01
1.415914244203460903e+01
1.433599093993206175e+01
1.451193951982015840e+01
1.468692487577832395e+01
1.486087104070187337e+01
1.503370983898403779e+01
1.520537212108080816e+01
1.537578776351093346e+01
1.554488469491868941e+01
1.571259279182282498e+01
1.587884387861657309e+01
1.604356685788144077e+01
1.620669160613618587e+01
1.636814897383679224e+01
1.652786494175305876e+01
1.668577523002716845e+01
1.684180387155444336e+01
1.699588463860258258e+01
1.714794935556482613e+01
1.729792010746200503e+01
1.744573845805974344e+01
1.759135571049606739e+01
1.773473095940691024e+01
1.787582135155373564e+01
1.801458403369800010e+01
1.815098199622459774e+01
1.828496849014603498e+01
1.841650650584720594e+01
1.854554929434060995e+01
1.867205984601114821e+01
1.879599335974579333e+01
1.891731087805496969e+01
1.903596954770013383e+01
1.915192846331722265e+01
1.926514477166769623e+01
1.937557756738749148e+01
1.948318594511255242e+01
1.958792510372985163e+01
1.968975803362429033e+01
1.978863798580836786e+01
1.988452795066697831e+01
1.997738507496158533e+01
2.006716650545364544e+01
2.015383133677909910e+01
2.023733866357387967e+01
2.031764563259945433e+01
2.039471133849175288e+01
2.046849487588671934e+01
2.053895339154581023e+01
2.060604403223048564e+01
2.066972589257668247e+01
2.072996196296929838e+01
2.078670354654635588e+01
2.083991558156722945e+01
2.088955131904442197e+01
2.093557180148834718e+01
2.097793417566046514e+01
2.101659753619671633e+01
2.105152097773304121e+01
2.108265969915641236e+01
2.110997669085173101e+01
2.113342715170597685e+01
2.115297212422956719e+01
2.116856485943500488e+01
2.118017029558166087e+01
2.118774168368203803e+01
2.119124006624655721e+01
2.119062259003667137e+01
2.118585029756280491e+01
2.117687643983745360e+01
2.116367959024134748e+01
2.114629091476615130e+01
2.112476300602280688e+01
2.109914456087328816e+01
2.106948622405405658e+01
2.103583474455260571e+01
2.099824466285435420e+01
2.095676272794680273e+01
2.091143958456640561e+01
2.086232392957514037e+01
2.080946835558394881e+01
2.075291961158032450e+01
2.069273029017520926e+01
2.062895103610505387e+01
2.056162665048288218e+01
2.049081167379411283e+01
2.041655480290071623e+01
2.033890278679020014e+01
2.025791211382245294e+01
2.017362758511049847e+01
2.008609984539079107e+01
1.999537953939978863e+01
1.990151536399947219e+01
1.980455991180077646e+01
1.970456187966567896e+01
1.960156801658167680e+01
1.949563286303419218e+01
1.938680316801071868e+01
1.927512762837323734e+01
1.916066078460716327e+01
1.904344938569999357e+01
1.892354212851370576e+01
1.880099355353372204e+01
1.867585040974753596e+01
1.854816139401712505e+01
1.841797909895342755e+01
1.828535027354394416e+01
1.815032556252513274e+01
1.801295755850792446e+01
1.787329690622878076e+01
1.773138840680072192e+01
1.758728465283468623e+01
1.744103434119264406e+01
1.729269006448554080e+01
1.714229857170087001e+01
1.698991440332405034e+01
1.683558041259362170e+01
1.667935308786947957e+01
1.652127723026464068e+01
1.636140738026452368e+01
1.619979710441730347e+01
1.603654379644693861e+01
1.587174874582634132e+01
1.570551518990290596e+01
1.553794149633783128e+01
1.536913577216470550e+01
1.519919638504472559e+01
1.502822657232528591e+01
1.485632957135378085e+01
1.468360569766588597e+01
1.451015916254623228e+01
1.433609125546773733e+01
1.416150423984055351e+01
1.398650330088655558e+01
1.381118583232969854e+01
1.363565799332909556e+01
1.346002009942042044e+01
1.328437538795106931e+01
1.310882612233119637e+01
1.293347456597095402e+01
1.275842298228049820e+01
1.258377266073274292e+01
1.240962878654956114e+01
1.223609070132938825e+01
1.206326164241962040e+01
1.189124484716764840e+01
1.172014063110914961e+01
1.155005417946599522e+01
1.138108483383662417e+01
1.121333680550566569e+01
1.104691235788327575e+01
1.088191375437961028e+01
1.071844228446758152e+01
1.055660021155734540e+01
1.039649077299629631e+01
1.023821720613182684e+01
1.008188080043685098e+01
9.927581871447046069e+00
9.775426578321525284e+00
9.625515236595960644e+00
9.477949135743267917e+00
9.332832487048081660e+00
9.190267553920556054e+00
9.050354651896366676e+00
8.913197992260144531e+00
8.778898864484807163e+00
8.647560505917747165e+00
8.519285179969120492e+00
8.394174176111837582e+00
8.272330731693298134e+00
8.153847857719876302e+00
8.038776685896651841e+00
7.927162991273881687e+00
7.819050601027347724e+00
7.714481881426971555e+00
7.613500172679914080e+00
7.516150762867813029e+00
7.422476018260591779e+00
7.332519279065409457e+00
7.246324859426666265e+00
7.163937073488764185e+00
7.085398287521622152e+00
7.010752328701021163e+00
6.940043511171362312e+00
6.873315175139805611e+00
6.810610660813511075e+00
6.751973795368260589e+00
6.697447919011213280e+00
6.647076858918151032e+00
6.600904442264853067e+00
6.558974009258481175e+00
6.521329874043433783e+00
6.488014402889633381e+00
6.459071909941480172e+00
6.434546709343374360e+00
6.414480680396616563e+00
6.398919111182846287e+00
6.387905341909226209e+00
6.381482225814294473e+00
6.379694077042453060e+00
6.382584235800861983e+00
6.390196042296683032e+00
6.402573810674314636e+00
6.419760881140917697e+00
6.441800106935034798e+00
6.468736289169683573e+00
6.500612768052026702e+00
6.537472396820604104e+00
6.579359976588436076e+00
6.626317873625442445e+00
6.678390889044645284e+00
6.735622363053203721e+00
6.798055148889659449e+00
6.865733560698411786e+00
6.938701425655241728e+00
7.017001596998690083e+00
7.100677901904537848e+00
7.189774654517184338e+00
7.284334221106550267e+00
7.384401402785656821e+00
7.490000547985492751e+00
7.601076629252022876e+00
7.717557575229518463e+00
7.839368879719152972e+00
7.966437010459340051e+00
8.098690383062971065e+00
8.236054491331220362e+00
8.378456776939739115e+00
8.525822246721080688e+00
8.678078829319517240e+00
8.835153479442082514e+00
8.996972177858568287e+00
9.163462853213248493e+00
9.334550512338674721e+00
9.510162109941880715e+00
9.690225574667138631e+00
9.874666887284240246e+00
1.006341105462574070e+01
1.025638795321039076e+01
1.045352161593350360e+01
1.065474094537659333e+01
1.085996997443497136e+01
1.106913857962738845e+01
1.128216981991192291e+01
1.149899357180732196e+01
1.171953484214614072e+01
1.194372058563541117e+01
1.217147678304492686e+01
1.240273233695620192e+01
1.263741225420178438e+01
1.287544251555147312e+01
1.311675202358677517e+01
1.336126578514024743e+01
1.360890978098168169e+01
1.385961291369258852e+01
1.411330019010552306e+01
1.436989953886475746e+01
1.462933694074008351e+01
1.489153837650129653e+01
1.515643080085542671e+01
1.542394311638398641e+01
1.569399838204505038e+01
1.596652647435737116e+01
1.624145240015349856e+01
1.651870214020323147e+01
1.679820459708807334e+01
1.707988477764058644e+01
1.736366866263055897e+01
1.764948612857674348e+01
1.793726120837445492e+01
1.822691209129556711e+01
1.851832580062028910e+01
1.881137767238196545e+01
1.910594304261391940e+01
1.940189919522397588e+01
1.969912341411994561e+01
1.999749298320964286e+01
2.029688129065192825e+01
2.059716951610356972e+01
2.089822909984894395e+01
2.119994316941930990e+01
2.150218121722456033e+01
2.180482442292147027e+01
2.210774617466889325e+01
2.241082570424912745e+01
2.271393834769550679e+01
2.301696333679032591e+01
2.331977211181796150e+01
2.362224390456070822e+01
2.392425599892638033e+01
2.422568373094831173e+01
2.452640633240880064e+01
2.482629719146669700e+01
2.512523359202982220e+01
2.542309087013151014e+01
2.571974825755405192e+01
2.601508303820526535e+01
2.630896860024400752e+01
2.660128222757808913e+01
2.689190120411532803e+01
2.718070476163801885e+01
2.746756239255605792e+01
2.775235722440070063e+01
2.803496264533080051e+01
2.831525788712864866e+01
2.859311828582758963e+01
2.886841722958646983e+01
2.914103589806207140e+01
2.941084962728772112e+01
2.967773180542228317e+01
2.994156166424804866e+01
3.020221843554730867e+01
3.045957355960444701e+01
3.071350626820175123e+01
3.096388994949808193e+01
3.121060773102468744e+01
3.145353105306595154e+01
3.169253914740416178e+01
3.192750345432369841e+01
3.215830904923029010e+01
3.238483905965519938e+01
3.260703894511299694e+01
3.282486390449066960e+01
3.303826913667519705e+01
3.324721373630251264e+01
3.345165095438512282e+01
3.365154183343344840e+01
3.384683183296206010e+01
3.403749368272826814e+01
3.422346894649768245e+01
3.440471866678073098e+01
3.458119999033886671e+01
3.475287006393355682e+01
3.491968603432624718e+01
3.508159725678049767e+01
3.523856477380670782e+01
3.539054573216634481e+01
3.553749727862087582e+01
3.567936876843383232e+01
3.581612124411562803e+01
3.594771574817669801e+01
3.607410163588056662e+01
3.619523215823974738e+01
3.631106835776465402e+01
3.642157127696570029e+01
3.652669027110642475e+01
3.662637859119934092e+01
3.672060507125277695e+01
3.680931127503235700e+01
3.689245824504850191e+01
3.697001091956058616e+01
3.704191475808318756e+01
3.710813080312673407e+01
3.716861230570372499e+01
3.722331641257561330e+01
3.727220027050385909e+01
3.731522492199888319e+01
3.735233582657526341e+01
3.738349792249238845e+01
3.740866056501378978e+01
3.742778869239884898e+01
3.744083165991109752e+01
3.744774661431200968e+01
3.744849070236303845e+01
3.744302107082564390e+01
3.743129097071232536e+01
3.741326144453349656e+01
3.738888574330166392e+01
3.735811711802932678e+01
3.732091661122689885e+01
3.727725695265167616e+01
3.722720826578490971e+01
3.717084456985680418e+01
3.710825157134443941e+01
3.703951497672490234e+01
3.696471270097735129e+01
3.688393434632782686e+01
3.679725782775550158e+01
3.670476885173744819e+01
3.660654922900179997e+01
3.650268466602562967e+01
3.639325307778810270e+01
3.627834406651526677e+01
3.615803554718628021e+01
3.603240933052926920e+01
3.590155501877027433e+01
3.576555442263741469e+01
3.562448156136090205e+01
3.547842993291573777e+01
3.532747745228107306e+01
3.517170982593400907e+01
3.501120886460265069e+01
3.484605637901513830e+01
3.467633807564853754e+01
3.450213576523098169e+01
3.432352736274163618e+01
3.414060636615549527e+01
3.395344679470276361e+01
3.376213825060948892e+01
3.356675864885482952e+01
3.336739369591587234e+01
3.316412520252074358e+01
3.295703887514651598e+01
3.274621262877235495e+01
3.253173606562430820e+01
3.231368710068153405e+01
3.209214949254664617e+01
3.186720894769671020e+01
3.163894922473433624e+01
3.140744823863869328e+01
3.117279364376133799e+01
3.093506335508143579e+01
3.069434502695055045e+01
3.045072241797127788e+01
3.020427539099727099e+01
2.995508770463112569e+01
2.970324506534992892e+01
2.944882928388179977e+01
2.919192217095486086e+01
2.893260553729724194e+01
2.867097093300945687e+01
2.840714496993264859e+01
2.814125620778244397e+01
2.787343125839998592e+01
2.760380647299880863e+01
2.733251235916901578e+01
2.705967747662623424e+01
2.678543233296056059e+01
2.650990743576210207e+01
2.623323718836991247e+01
2.595554820262513473e+01
2.567697488186683685e+01
2.539764383793615465e+01
2.511768752629767221e+01
2.483723840241597003e+01
2.455642502600667143e+01
2.427537985253435693e+01
2.399423144171464628e+01
2.371311224901212356e+01
2.343215472989136927e+01
2.315148549619352636e+01
2.287123700338317178e+01
2.259154170692489316e+01
2.231252816653431026e+01
2.203432883767600359e+01
2.175707422794007684e+01
2.148089484491662660e+01
2.120591924832127972e+01
2.093227989361861674e+01
2.066010923627321816e+01
2.038953583600070374e+01
2.012069214826566110e+01
1.985370673278370290e+01
1.958871204501942032e+01
1.932583859256290637e+01
1.906521493512979148e+01
1.880697742393360983e+01
1.855125072294102395e+01
1.829816923549109831e+01
1.804786152129945620e+01
1.780045808795619422e+01
1.755609333880037681e+01
1.731489583354762374e+01
1.707699413191355831e+01
1.684252263723724141e+01
1.661160990923429281e+01
1.638438645549481976e+01
1.616098570542063939e+01
1.594153524479013306e+01
1.572616655513064288e+01
1.551499845678539735e+01
1.530809230780048935e+01
1.510549972684961340e+01
1.490726843685751035e+01
1.471345200437235512e+01
1.452409425656992958e+01
1.433925070787288725e+01
1.415896713333148682e+01
1.398329612555666834e+01
1.381228540747316735e+01
1.364598562381744173e+01
1.348444644538871096e+01
1.332771851692343112e+01
1.317585053528357975e+01
1.302889119733113787e+01
1.288689309567703845e+01
1.274990395324602233e+01
1.261797441477454740e+01
1.249115415106182958e+01
1.236949185896984815e+01
1.225303915717229941e+01
1.214184474253116264e+01
1.203595828584565552e+01
1.193542945791499399e+01
1.184030890347563769e+01
1.175064629332680433e+01
1.166649129826771158e+01
1.158789261516033520e+01
1.151490088874113660e+01
1.144756578980932993e+01
1.138593698916413643e+01
1.133006415760477026e+01
1.127999793986769284e+01
1.123578703281487812e+01
1.119748305512002595e+01
1.116513275577063524e+01
1.113878872737764070e+01
1.111849869286578318e+01
1.110431427090875900e+01
1.109628318443130546e+01
1.109445705210712063e+01
1.109888457079818380e+01
1.110961638524095108e+01
1.112670021836015977e+01
1.115018866276674991e+01
1.118013041532269547e+01
1.121657514682721946e+01
1.125957155414229582e+01
1.130917125594162265e+01
1.136542294908717921e+01
1.142835487775891146e+01
1.149790470997348812e+01
1.157398771319106601e+01
1.165652207668352425e+01
1.174542306791101787e+01
1.184060692827094563e+01
1.194198892522346434e+01
1.204948627410321293e+01
1.216301521630758664e+01
1.228249101929674403e+01
1.240783089840532405e+01
1.253894914715624154e+01
1.267576395482137563e+01
1.281818961492364295e+01
1.296614431673492263e+01
1.311954235377812950e+01
1.327830094138790251e+01
1.344233632096163866e+01
1.361156375995949652e+01
1.378589949977887130e+01
1.396525978181716354e+01
1.414956182140900864e+01
1.433872185995180359e+01
1.453265419096846678e+01
1.473127505585639518e+01
1.493450361782470637e+01
1.514225222252183833e+01
1.535443711134518985e+01
1.557097842144111510e+01
1.579178849845805388e+01
1.601678650560512196e+01
1.624588576246799931e+01
1.647900251044408293e+01
1.671605493880524662e+01
1.695695636713717036e+01
1.720162888046069227e+01
1.744998092867528783e+01
1.770193264892731833e+01
1.795740028261417720e+01
1.821629812325878461e+01
1.847854436013301793e+01
1.874405523463427059e+01
1.901274504028546630e+01
1.928453196635847533e+01
1.955933030637622139e+01
1.983705630173610146e+01
2.011762814170998936e+01
2.040096011982080171e+01
2.068696847746594258e+01
2.097556945604280187e+01
2.126667150545086571e+01
2.156015190959794836e+01
2.185588016089394614e+01
2.215372185599980170e+01
2.245355038307436502e+01
2.275523328665306622e+01
2.305863811127131413e+01
2.336363240146453180e+01
2.367008954539157983e+01
2.397787708758787062e+01
2.428686257258882719e+01
2.459691549280434586e+01
2.490790339276984966e+01
2.521969771276971173e+01
2.553216599733935155e+01
2.584517968676314936e+01
2.615860437770204427e+01
2.647230956256593259e+01
2.678616473376471419e+01
2.710004133158276574e+01
2.741380495268102990e+01
2.772732508946939944e+01
2.804047318223225815e+01
2.835311287975606120e+01
2.866511951807414960e+01
2.897635869384745888e+01
2.928669405586245489e+01
2.959600873165038237e+01
2.990415663062531593e+01
3.021101893244401992e+01
3.051645539014399944e+01
3.082033744400963826e+01
3.112253848219978281e+01
3.142292410137538283e+01
3.172135989819737034e+01
3.201771926082460595e+01
3.231186973379250560e+01
3.260368470525993700e+01
3.289302392826438393e+01
3.317976273883919447e+01
3.346377062939426850e+01
3.374491514446501839e+01
3.402305993283790997e+01
3.429808422629523790e+01
3.456985167362345379e+01
3.483822981935799135e+01
3.510308231228529507e+01
3.536429227993663460e+01
3.562171947534950078e+01
3.587523533880826676e+01
3.612472299784420215e+01
3.637011232897604174e+01
3.661136827046316711e+01
3.684842849032224876e+01
3.708125013531473968e+01
3.730978256070419263e+01
3.753397901750309984e+01
3.775378496522604621e+01
3.796916144638345258e+01
3.818004612899198236e+01
3.838640005556205637e+01
3.858816868560825952e+01
3.878530527014309115e+01
3.897775916443009692e+01
3.916548361948177615e+01
3.934842799056166029e+01
3.952654163293330924e+01
3.969978169335817597e+01
3.986809363135084538e+01
4.003142680217485605e+01
4.018973445684270729e+01
4.034296595061795188e+01
4.049107843026203568e+01
4.063401735528955783e+01
4.077173208096404977e+01
4.090417585829801084e+01
4.103130193830395456e+01
4.115305578049645874e+01
4.126939453163697635e+01
4.138026365124009942e+01
4.148562028606728092e+01
4.158540599988415210e+01
4.167957793945217304e+01
4.176808935578384308e+01
4.185088181264478635e+01
4.192792024829437736e+01
4.199914233074928660e+01
4.206450520677097416e+01
4.212395823162297859e+01
4.217745076056884557e+01
4.222493994037003517e+01
4.226637123054113232e+01
4.230169398634567557e+01
4.233086535454512500e+01
4.235383079465407263e+01
4.237054355768500358e+01
4.238095299890147771e+01
4.238501236931598015e+01
4.238266712844311002e+01
4.237387831879327393e+01
4.235860698287689274e+01
4.233689986968147423e+01
4.230882320693929444e+01
4.227443543088472921e+01
4.223381056074799744e+01
4.218700703276346076e+01
4.213408717891445576e+01
4.207511722693327272e+01
4.201015561305428747e+01
4.193927635650770469e+01
4.186253399777893947e+01
4.177999866034924281e+01
4.169172878045298347e+01
4.159779448157141957e+01
4.149826199143683425e+01
4.139318195478568896e+01
4.128263228659714201e+01
4.116666363160765485e+01
4.104535390479640000e+01
4.091876154239773911e+01
4.078694887639500877e+01
4.064997823877154559e+01
4.050791975300859349e+01
4.036083185534052831e+01
4.020878077349964030e+01
4.005182883946925898e+01
3.989004228098168170e+01
3.972348343002023086e+01
3.955221851431720381e+01
3.937630986585593007e+01
3.919581981661974623e+01
3.901081069859197470e+01
3.882135653100283434e+01
3.862750795858877240e+01
3.842934289632896139e+01
3.822690809321089489e+01
3.802028535996269909e+01
3.780952923706978908e+01
3.759470205651549435e+01
3.737587394178107303e+01
3.715310722484984751e+01
3.692646034195619364e+01
3.669600341658136955e+01
3.646179488495972976e+01
3.622390487057253949e+01
3.598239570540312826e+01
3.573732972143482556e+01
3.548876925065096088e+01
3.523678441653278526e+01
3.498142975956571377e+01
3.472278709047787260e+01
3.446096549024009192e+01
3.419608572707007710e+01
3.392826856918553347e+01
3.365763088905520561e+01
3.338430514214368117e+01
3.310840040942179030e+01
3.283004525060515277e+01
3.254935653816252028e+01
3.226645893606055182e+01
3.198146931676799554e+01
3.169451429212600146e+01
3.140571073460331064e+01
3.111517941241763197e+01
3.082304693741010837e+01
3.052942628630052724e+01
3.023444601880451543e+01
2.993822105951634072e+01
2.964087412452818526e+01
2.934252987780671518e+01
2.904330324394620177e+01
2.874332473053674164e+01
2.844270536642364888e+01
2.814157176344806288e+01
2.784004468982769609e+01
2.753824296590576992e+01
2.723629125564895403e+01
2.693430448365150909e+01
2.663241120962906550e+01
2.633072635817588747e+01
2.602937654113312149e+01
2.572847863096951215e+01
2.542815534377724873e+01
2.512852744777403302e+01
2.482971376330308999e+01
2.453184090220557323e+01
2.423502573695022022e+01
2.393939098362922024e+01
2.364505546258579827e+01
2.335214188991214357e+01
2.306077103382596150e+01
2.277106755829391105e+01
2.248314638791026709e+01
2.219713218664169219e+01
2.191314572270588812e+01
2.163130581644608696e+01
2.135173907970343166e+01
2.107456043707218996e+01
2.079989455251902442e+01
2.052786219426164394e+01
2.025857049539639831e+01
1.999209152727901539e+01
1.972848177826939420e+01
1.946779773672742309e+01
1.921009394313852425e+01
1.895543467736050403e+01
1.870387058412982029e+01
1.845546204755532926e+01
1.821026750387139970e+01
1.796834149356345378e+01
1.772974050499137988e+01
1.749452687013851460e+01
1.726275318161579264e+01
1.703447787565758631e+01
1.680975938849827500e+01
1.658865615637222746e+01
1.637122271976485877e+01
1.615751654097330814e+01
1.594759605623194609e+01
1.574151677996342791e+01
1.553934007021384645e+01
1.534111949353137838e+01
1.514691446008763620e+01
1.495677951036803677e+01
1.477077600241867295e+01
1.458895847672495805e+01
1.441138342164678932e+01
1.423811219523025784e+01
1.406919739008630188e+01
1.390469841638653214e+01
1.374467273642808429e+01
1.358917878644533417e+01
1.343827110692369509e+01
1.329200910803477953e+01
1.315044830420124633e+01
1.301364810559470619e+01
1.288166500057505282e+01
1.275455547750218521e+01
1.263237797261047390e+01
1.251518897425981436e+01
1.240304691868458065e+01
1.229600829424466824e+01
1.219412958929997082e+01
1.209746924008486246e+01
1.200608470889647705e+01
1.192003151015747164e+01
1.183936905403945872e+01
1.176415480283957216e+01
1.169444524491770565e+01
1.163029589469651803e+01
1.157174960541454567e+01
1.151877423714288717e+01
1.147132011908232130e+01
1.142934147618259111e+01
1.139278766370723694e+01
1.136161193266875991e+01
1.133576558620518426e+01
1.131519992745452896e+01
1.129986625955481827e+01
1.128971685958131133e+01
1.128470400460927081e+01
1.128477802383947726e+01
1.128989119434719335e+01
1.129999579320767999e+01
1.131504312355895969e+01
1.133498351460181297e+01
1.135976924341150429e+01
1.138935356100052942e+01
1.142368679656967601e+01
1.146272025325696298e+01
1.150640718207488966e+01
1.155469693828700173e+01
1.160754277290580028e+01
1.166489598906930425e+01
1.172670886385277633e+01
1.179293270039423902e+01
1.186351782789447284e+01
1.193841749736597890e+01
1.201758301194678147e+01
1.210096567477489948e+01
1.218851776292559563e+01
1.228018960559965223e+01
1.237593445380957036e+01
1.247570361069336897e+01
1.257944740545183393e+01
1.268712006303470474e+01
1.279866996476828156e+01
1.291405133560230922e+01
1.303321547867480668e+01
1.315611369712379464e+01
1.328269632015005897e+01
1.341291659876609899e+01
1.354672583610993541e+01
1.368407630925682916e+01
1.382491834740756431e+01
1.396920617551188037e+01
1.411688720095884086e+01
1.426791662263542726e+01
1.442224476974241831e+01
1.457982197148059988e+01
1.474059563523903194e+01
1.490447128910548003e+01
1.507134959148150699e+01
1.524113509651763465e+01
1.541372554080371060e+01
1.558902255667853609e+01
1.576692875041815789e+01
1.594734185861241826e+01
1.613016546147460417e+01
1.631529826953179807e+01
1.650264386299728159e+01
1.669210192633538270e+01
1.688357214401042583e+01
1.707695712229845597e+01
1.727215751960103063e+01
1.746907204644524114e+01
1.766760720485608971e+01
1.786765780961169980e+01
1.806912841486259680e+01
1.827191578326138455e+01
1.847592641683306880e+01
1.868105902610472668e+01
1.888721232160345309e+01
1.909429085747976629e+01
1.930219139638627013e+01
1.951082044034797036e+01
1.972007280414299046e+01
1.992985304192185581e+01
2.014005986421165062e+01
2.035059977303737355e+01
2.056136563530267836e+01
2.077226395303256723e+01
2.098319343675411730e+01
2.119405669274337711e+01
2.140475048365295763e+01
2.161518131150785038e+01
2.182524788683514672e+01
2.203484892016193086e+01
2.224388701776424782e+01
2.245226283804366219e+01
2.265988093515069224e+01
2.286663807173794893e+01
2.307243490620699333e+01
2.327717209695939005e+01
2.348075419814566089e+01
2.368307797241841683e+01
2.388404992180265651e+01
2.408356291320202658e+01
2.428152539651600961e+01
2.447783413439721301e+01
2.467239757674511580e+01
2.486515533945086176e+01
2.505604898628008215e+01
2.524502202887288149e+01
2.543202187461832153e+01
2.561699008728202642e+01
2.579987212637858462e+01
2.598060955567362384e+01
2.615914783468172189e+01
2.633543242291746722e+01
2.650940877989544475e+01
2.668101846938127508e+01
2.685020500301507340e+01
2.701691578818589434e+01
2.718109044078488878e+01
2.734267636820111846e+01
2.750161708207468791e+01
2.765785804192018560e+01
2.781134275937771605e+01
2.796201085033842304e+01
2.810981167006584869e+01
2.825469067807458146e+01
2.839658359450680791e+01
2.853544561824950776e+01
2.867121441731934794e+01
2.880383350335643655e+01
2.893325028374983532e+01
2.905940437439068802e+01
2.918224513054254388e+01
2.930171606384550387e+01
2.941776068593967608e+01
2.953031861271620429e+01
2.963934114731311098e+01
2.974476400987258273e+01
2.984654045140712597e+01
2.994460813993340764e+01
3.003891448284048593e+01
3.012940299176847248e+01
3.021601717835746825e+01
3.029870250212205818e+01
3.037740247470234678e+01
3.045205865986396176e+01
3.052262041287044880e+01
3.058902540173846774e+01
3.065122298173156778e+01
3.070915861236433386e+01
3.076276801377894898e+01
3.081200443698791958e+01
3.085680749788238941e+01
3.089712265597694341e+01
3.093290705803303808e+01
3.096418018279547013e+01
3.099097124838142747e+01
3.101331142078256775e+01
3.103123186599056282e+01
3.104476180212260061e+01
3.105393823879378346e+01
3.105878455049785813e+01
3.105933774684993054e+01
3.105562899384166897e+01
3.104768361384129705e+01
3.103554056433840103e+01
3.101922516770120808e+01
3.099877053779586333e+01
3.097420784061403154e+01
3.094556824214738455e+01
3.091288290838758357e+01
3.087618300532629334e+01
3.083549969895518572e+01
3.079086610314039874e+01
3.074230754025016665e+01
3.068986101989959181e+01
3.063355576020585858e+01
3.057341903141167805e+01
3.050949173888110977e+01
3.044179336135894687e+01
3.037036480420924889e+01
3.029523138980024655e+01
3.021642623199808497e+01
3.013397854891994854e+01
3.004792340230646275e+01
2.995828806240033870e+01
2.986510759094219480e+01
2.976840731030026532e+01
2.966822423008964904e+01
2.956458756842753743e+01
2.945752849130559170e+01
2.934707621684100332e+01
2.923326191102543703e+01
2.911611868772503797e+01
2.899567771293147089e+01
2.887197015263640409e+01
2.874502522495702195e+01
2.861487799163394996e+01
2.848155572290989568e+01
2.834509348052548461e+01
2.820551658684894392e+01
2.806285815574641873e+01
2.791715519683301494e+01
2.776843108460248288e+01
2.761672672441887855e+01
2.746211808338689053e+01
2.730468112861120744e+01
2.714449182719651432e+01
2.698163588561989101e+01
2.681618732311154574e+01
2.664822795039960113e+01
2.647783568246322616e+01
2.630509038215605955e+01
2.613006996445727026e+01
2.595285818796945776e+01
2.577352907192283027e+01
2.559216442704551397e+01
2.540884022044219392e+01
2.522364021071546958e+01
2.503664231284450992e+01
2.484792249393399999e+01
2.465756451258653925e+01
2.446564433590681631e+01
2.427224377462295735e+01
2.407744074371412069e+01
2.388131315815947886e+01
2.368394477656163133e+01
2.348540767027630238e+01
2.328578559790610214e+01
2.308515842230466930e+01
2.288360405845116929e+01
2.268120042132477110e+01
2.247802932165359380e+01
2.227416672654232599e+01
2.206969444671909031e+01
2.186469234503752901e+01
2.165923833647681462e+01
2.145340838814162510e+01
2.124728820650904382e+01
2.104095181080927901e+01
2.083448101177045686e+01
2.062795567224621962e+01
2.042145175934124879e+01
2.021505108378367410e+01
2.000883156055266099e+01
1.980287500037632853e+01
1.959725737035936177e+01
1.939206048122989046e+01
1.918735835221811925e+01
1.898323863767560482e+01
1.877977340895807856e+01
1.857704447679366311e+01
1.837513170403600427e+01
1.817411300566426746e+01
1.797406434878313775e+01
1.777504222175250703e+01
1.757709532143435638e+01
1.738027624043962049e+01
1.718463562350476082e+01
1.699022606324071205e+01
1.679709625650944815e+01
1.660530269167087170e+01
1.641489211771247625e+01
1.622591615330795634e+01
1.603842739106825732e+01
1.585247842360430859e+01
1.566811697384084923e+01
1.548539758226329788e+01
1.530436894573363205e+01
1.512508560473726682e+01
1.494759430826169933e+01
1.477195154466682858e+01
1.459820406294014994e+01
1.442640445569259988e+01
1.425660726340959705e+01
1.408885923507864035e+01
1.392321296331066272e+01
1.375972298859108278e+01
1.359843605990739945e+01
1.343940574380778763e+01
1.328268365896594538e+01
1.312831947618108863e+01
1.297636676200139583e+01
1.282687323935160606e+01
1.267989442265437106e+01
1.253547900877167187e+01
1.239367959031444499e+01
1.225454486414466615e+01
1.211813034468499417e+01
1.198448375486016459e+01
1.185365768728111568e+01
1.172570376062154551e+01
1.160067261961790841e+01
1.147861588294390245e+01
1.135958516927322570e+01
1.124363112334233428e+01
1.113080536382492625e+01
1.102115950939469791e+01
1.091474420478810714e+01
1.081161106867885024e+01
1.071181074580338333e+01
1.061539582877264642e+01
1.052241696232309387e+01
1.043292479119118354e+01
1.034696022074097854e+01
1.026451838128627969e+01
1.018557979408229563e+01
1.011012985007043419e+01
1.003815101838038260e+01
9.969625768141828104e+00
9.904539490296178528e+00
9.842871732161400544e+00
9.784607884678903744e+00
9.729731390915613787e+00
9.678223746063977728e+00
9.630069367128166746e+00
9.585250723237862758e+00
9.543752231397238717e+00
9.505554412861497937e+00
9.470642658572051786e+00
9.438998463721343768e+00
9.410607219250785249e+00
9.385450420352821510e+00
9.363510536157139796e+00
9.344771983667909510e+00
9.329216258077577706e+00
9.316829724264788837e+00
9.307591929547514908e+00
9.301487290929921770e+00
9.298500225416175269e+00
9.298612228198726015e+00
9.301806742344499668e+00
9.308066236983183472e+00
9.317376103056185244e+00
9.329716861818713625e+00
9.345073904212174654e+00
9.363427751491776974e+00
9.384763794598928399e+00
9.409063528726074210e+00
9.436311370877385585e+00
9.466489790182546216e+00
9.499582229708485315e+00
9.535572132522132094e+00
9.574440993815931833e+00
9.616173230594052157e+00
9.660751311986182088e+00
9.708159654996487475e+00
9.758379754817418927e+00
9.811396028453138740e+00
9.867190945033339489e+00
9.925746973687706642e+00
9.987047557483167637e+00
1.005107711342389010e+01
1.011781811063956127e+01
1.018724522676195221e+01
1.025930684311736663e+01
1.033394160165971343e+01
1.041109009221737658e+01
1.049069193068150341e+01
1.057268575900600105e+01
1.065701216701925880e+01
1.074361077061242042e+01
1.083242118567663503e+01
1.092338302810304818e+01
1.101643688772004737e+01
1.111152043254429955e+01
1.120857620027867085e+01
1.130754088500258980e+01
1.140835605048168233e+01
1.151096033866985735e+01
1.161529433939549705e+01
1.172129766854975230e+01
1.182890896808653025e+01
1.193806980177145505e+01
1.204871783762119541e+01
1.216079463940137906e+01
1.227423787512867115e+01
1.238898910856869939e+01
1.250498795561261112e+01
1.262217208427707149e+01
1.274048305832771000e+01
1.285986049365567219e+01
1.298024205827762501e+01
1.310157126383367654e+01
1.322378383046601158e+01
1.334682229587749802e+01
1.347062432808480459e+01
1.359513149085355543e+01
1.372028242613765947e+01
1.384601674982826225e+01
1.397227310387927091e+01
1.409899499993079353e+01
1.422611718418777649e+01
1.435358219435308591e+01
1.448132964631786912e+01
1.460930012991051363e+01
1.473742936527320602e+01
1.486566183798329277e+01
1.499393424212020243e+01
1.512218716751232073e+01
1.525036120398803341e+01
1.537839401956401097e+01
1.550622717800587580e+01
1.563379932126753680e+01
1.576105396098910205e+01
1.588794142637134854e+01
1.601441496842678092e+01
1.614043075997961907e+01
1.626594205204236232e+01
1.639090404350199037e+01
1.651526998537100255e+01
1.663899507653638210e+01
1.676203256801063191e+01
1.688433571080624418e+01
1.700586165168468966e+01
1.712656169378398019e+01
1.724639103599109902e+01
1.736530487719302940e+01
1.748325452052778672e+01
1.760019711275683818e+01
1.771608785276715636e+01
1.783087804369676732e+01
1.794452093655817038e+01
1.805697562598730599e+01
1.816819146724771272e+01
1.827812560710085066e+01
1.838672934868474584e+01
1.849396178663533163e+01
1.859977227621615370e+01
1.870411601631419174e+01
1.880695015369090228e+01
1.890822599148430783e+01
1.900789872858139162e+01
1.910592161599464944e+01
1.920224985261106809e+01
1.929683668944313979e+01
1.938963927325233172e+01
1.948060890717666283e+01
1.956969689435415205e+01
1.965686427729522023e+01
1.974206235913788987e+01
1.982524439089465673e+01
1.990636362357802724e+01
1.998537720394945438e+01
2.006223838302144813e+01
2.013690041180650070e+01
2.020931848919159535e+01
2.027944391831475457e+01
2.034723579381191882e+01
2.041264541882110350e+01
2.047562604435481504e+01
2.053613286930002957e+01
2.059412304041821073e+01
2.064954591297289710e+01
2.070236642522346315e+01
2.075258262929543562e+01
2.080019842093776816e+01
2.084521769589942153e+01
2.088764824567831013e+01
2.092749396602339473e+01
2.096475875268363254e+01
2.099944650140797719e+01
2.103156695156883060e+01
2.106112399891514997e+01
2.108812153919589250e+01
2.111256541603449577e+01
2.113446147305439737e+01
2.115381165813007414e+01
2.117062181488496719e+01
2.118490168269146778e+01
2.119665320942405984e+01
2.120588223870617739e+01
2.121259071841230082e+01
2.121678838791482491e+01
2.121847914296271043e+01
2.121766493143043419e+01
2.121435549269039100e+01
2.120855472249154516e+01
2.120026651658284678e+01
2.118949866646221381e+01
2.117625117212964980e+01
2.116053377295754956e+01
2.114235036469487383e+01
2.112170484309057272e+01
2.109860694751704813e+01
2.107305473009982322e+01
2.104505793021128568e+01
2.101462239147488020e+01
2.098175006176508361e+01
2.094644873257981033e+01
2.090872229966801754e+01
2.086857660665314995e+01
2.082601554928415766e+01
2.078104691905896217e+01
2.073367266385204033e+01
2.068390057516131009e+01
2.063173454873573220e+01
2.057718042819873716e+01
2.052024016142480889e+01
2.046092543566081901e+01
2.039923430303229424e+01
2.033517845078610264e+01
2.026875593104777096e+01
2.019998037893864762e+01
2.012885569020769339e+01
2.005542277021897135e+01
1.997972447221102144e+01
1.990180364942238356e+01
1.982170510296607802e+01
1.973947168608064473e+01
1.965514430413015035e+01
1.956876970610208843e+01
1.948038879736052209e+01
1.939004832689294844e+01
1.929778725218895730e+01
1.920365037436156186e+01
1.910768444239826280e+01
1.900992841378864284e+01
1.891042903752020266e+01
1.880922721895700533e+01
1.870636970708654445e+01
1.860189545939840627e+01
1.849585122488008793e+01
1.838827790889565605e+01
1.827922226043260068e+01
1.816872518485499555e+01
1.805682758752688954e+01
1.794358011318475121e+01
1.782901977144367933e+01
1.771319331129117103e+01
1.759614163809128939e+01
1.747790955295705473e+01
1.735854185700149088e+01
1.723807750771417346e+01
1.711656520195708353e+01
1.699404584509428418e+01
1.687056229036431887e+01
1.674616128675467763e+01
1.662087984388047346e+01
1.649476665860368030e+01
1.636786458416283807e+01
1.624021452592201342e+01
1.611186225893145973e+01
1.598285063642971870e+01
1.585322251165533558e+01
1.572302073784684850e+01
1.559229109005451619e+01
1.546107447364240173e+01
1.532941471578628523e+01
1.519735466972470839e+01
1.506494011050792992e+01
1.493221486531172815e+01
1.479921886556292954e+01
1.466599788631179102e+01
1.453259185898513373e+01
1.439904363682150112e+01
1.426539120337323396e+01
1.413167156825543813e+01
1.399792466289493476e+01
1.386419041871854496e+01
1.373050389746689426e+01
1.359690600450404219e+01
1.346343667125681520e+01
1.333013290734031209e+01
1.319703269630687892e+01
1.306417596958333860e+01
1.293160071072203010e+01
1.279934587721253969e+01
1.266745140048168849e+01
1.253595331620734044e+01
1.240489252975355683e+01
1.227430605073544001e+01
1.214423381057981466e+01
1.201471476677626349e+01
1.188578690287712547e+01
1.175748820243474846e+01
1.162985859687595180e+01
1.150293606975307981e+01
1.137675860461847499e+01
1.125136613289896026e+01
1.112679663814687636e+01
1.100309005178904798e+01
1.088028240950333903e+01
1.075841461665380905e+01
1.063752563073004254e+01
1.051765148740990163e+01
1.039883406599468962e+01
1.028110940216226865e+01
1.016451742733946340e+01
1.004909709901585479e+01
9.934887374681023786e+00
9.821925263950076257e+00
9.710249724312594921e+00
9.599901661132639319e+00
9.490917110088075148e+00
9.383336002605725312e+00
9.277196322237930559e+00
9.172538000411515569e+00
9.069399020678821088e+00
8.967816392654951230e+00
8.867831995641207499e+00
8.769482839252692230e+00
8.672806907041751501e+00
8.577843156497966248e+00
8.484625675424720015e+00
8.393161281382690575e+00
8.303455817995315513e+00
8.215510259199835019e+00
8.129327526807967885e+00
8.044912490505909730e+00
7.962266124230903408e+00
7.881393297669143649e+00
7.802295958695110834e+00
7.724977516089143847e+00
7.649440891662961484e+00
7.575689981165520948e+00
7.503726245502682524e+00
7.433554554360643607e+00
7.365176855613883689e+00
7.298596558042740767e+00
7.233816096490313541e+00
7.170839853674181086e+00
7.109669290500201910e+00
7.050309276654574298e+00
6.992761273043156756e+00
6.937029662383528361e+00
6.883115905581548510e+00
6.831024872323413710e+00
6.780758510483604340e+00
6.732320228842458398e+00
6.685712949211694678e+00
6.640940080371652066e+00
6.598004544134048466e+00
6.556909262310602671e+00
6.517657156713034361e+00
6.480251149153061441e+00
6.444695622348261210e+00
6.410992037204494842e+00
6.379144289470718654e+00
6.349155300958653214e+00
6.321028480448635634e+00
6.294766262783764610e+00
6.270372056744379918e+00
6.247849271110819558e+00
6.227199853757562131e+00
6.208427700433566621e+00
6.191536706887791119e+00
6.176528334026094136e+00
6.163406477597434652e+00
6.152174059413531459e+00
6.142834488254722558e+00
6.135390198964107533e+00
6.129844113353404289e+00
6.126200614140191902e+00
6.124456779512750693e+00
6.124589234977332097e+00
6.126569736353987494e+00
6.130371013400009339e+00
6.135963361029591390e+00
6.143319995968646197e+00
6.152412187068605043e+00
6.163211203180901876e+00
6.175689774062828263e+00
6.189818681597198058e+00
6.205570168572682732e+00
6.222915990809335440e+00
6.241828391095828543e+00
6.262278151314975005e+00
6.284237514255447188e+00
6.307678722705917451e+00
6.332572558549199648e+00
6.358891264573964364e+00
6.386607083568885734e+00
6.415691284385395932e+00
6.446115622843547222e+00
6.477851854763392758e+00
6.510872222933604903e+00
6.545147996205615826e+00
6.580650930399479570e+00
6.617353268303866720e+00
6.655226278770211223e+00
6.694241717618565346e+00
6.734372314606222432e+00
6.775588364647373574e+00
6.817862597499312116e+00
6.861167255950711308e+00
6.905472634915763130e+00
6.950751464151760040e+00
6.996974525541515000e+00
7.044115522779560656e+00
7.092144750780088991e+00
7.141034452331773252e+00
7.190756383254665707e+00
7.241282299368818620e+00
7.292583469525665940e+00
7.344632136513879139e+00
7.397400056153511372e+00
7.450858984264614904e+00
7.504980189698622794e+00
7.559736889181446706e+00
7.615098890658659414e+00
7.671039410856175245e+00
7.727530692562663894e+00
7.784542543723700803e+00
7.842047207127956554e+00
7.900015464658246778e+00
7.958416637291522377e+00
8.017220046004739586e+00
8.076395985712089498e+00
8.135914264359145776e+00
8.195743228985623574e+00
8.255854635411576936e+00
8.316216343708097369e+00
8.376800109695238916e+00
8.437573793444094861e+00
8.498508176837479056e+00
8.559573067820965164e+00
8.620736326465648247e+00
8.681970682528818983e+00
8.743243996081572433e+00
8.804526075069482260e+00
8.865786727438120352e+00
8.926996735070302336e+00
8.988123958037119721e+00
9.049140152158628325e+00
9.110013177505921433e+00
9.170713815961809345e+00
9.231210901534629087e+00
9.291476190044432926e+00
9.351477541562314144e+00
9.411184764033846406e+00
9.470568639341843564e+00
9.529598001494639092e+00
9.588243632375046843e+00
9.646472418116919911e+00
9.704258062414790942e+00
9.761567451402514806e+00
9.818372340900143769e+00
9.874640590978772892e+00
9.930342983521214251e+00
9.985448352535801320e+00
1.003992747990534973e+01
1.009375017357542959e+01
1.014688526755437792e+01
1.019930256978776661e+01
1.025097188822116934e+01
1.030186303080015975e+01
1.035194677940755170e+01
1.040119196805167689e+01
1.044956840467811077e+01
1.049704492329518501e+01
1.054359230578571527e+01
1.058918036009527519e+01
1.063377792023219648e+01
1.067735966382825019e+01
1.071991390363656471e+01
1.076143479603370068e+01
1.080191357558449994e+01
1.084134439866553024e+01
1.087972044771611024e+01
1.091703490517556396e+01
1.095327997954597521e+01
1.098844787932942779e+01
1.102253373483972432e+01
1.105552975457894682e+01
1.108742912098641931e+01
1.111822404256422558e+01
1.114790867568892807e+01
1.117647425492536861e+01
1.120391493665011318e+01
1.123022487723972240e+01
1.125539531125903991e+01
1.127942039508462990e+01
1.130229233721857440e+01
1.132400432010019742e+01
1.134455050010606136e+01
1.136392308573824828e+01
1.138211428549884374e+01
1.139911728182716999e+01
1.141492623109978943e+01
1.142953334181878411e+01
1.144293179642347980e+01
1.145511575129043891e+01
1.146607546704726310e+01
1.147580704794499695e+01
1.148430172854848230e+01
1.149155269129704493e+01
1.149755409256724370e+01
1.150229716692392579e+01
1.150577607074365183e+01
1.150798398646574583e+01
1.150891214865505141e+01
1.150855666156260959e+01
1.150690778581602736e+01
1.150395967779186357e+01
1.149970649386668242e+01
1.149413849466808912e+01
1.148725081050988628e+01
1.147903564989415592e+01
1.146948716919746047e+01
1.145859660298464355e+01
1.144635810763226935e+01
1.143276486557966187e+01
1.141781005926613979e+01
1.140148979294274945e+01
1.138381770173084284e+01
1.136480936862625235e+01
1.134448622024824971e+01
1.132286286565542710e+01
1.129995586178085887e+01
1.127578468736933459e+01
1.125036492541668665e+01
1.122371410679322956e+01
1.119585073630651451e+01
1.116679137088961404e+01
1.113655354141283915e+01
1.110515283087202398e+01
1.107260969194919831e+01
1.103893873370295786e+01
1.100415846094085204e+01
1.096828640453319359e+01
1.093133814747581489e+01
1.089333316851350908e+01
1.085428705064210853e+01
1.081421927260640459e+01
1.077314444346498945e+01
1.073108204196265625e+01
1.068804765109523736e+01
1.064405977567028394e+01
1.059913594655810876e+01
1.055329272069178259e+01
1.050654762894162175e+01
1.045891820217793367e+01
1.041042002339655426e+01
1.036107257134227488e+01
1.031089240294816811e+01
1.025989704908454314e+01
1.020810404062171628e+01
1.015552896055551813e+01
1.010219128763074004e+01
1.004810757878045635e+01
9.993294390937737859e+00
9.937770228910135728e+00
9.881550675693485886e+00
9.824655210032577912e+00
9.767099414923244183e+00
9.708901795173035865e+00
9.650077933777788886e+00
9.590647309482292826e+00
9.530625505282380061e+00
9.470031999922843724e+00
9.408881402462276000e+00
9.347192217708228057e+00
9.284981976531014425e+00
9.222268209800944305e+00
9.159073318074527847e+00
9.095418727971038564e+00
9.031327813984223241e+00
8.966822002733355390e+00
8.901923694774939833e+00
8.836656264602730460e+00
8.771041138835997231e+00
8.705100718031248519e+00
8.638858376682234663e+00
8.572334567470985434e+00
8.505553638828493135e+00
8.438537017374024174e+00
8.371306129726852063e+00
8.303885324317963779e+00
8.236296027766632832e+00
8.168560153660745726e+00
8.100700589525434481e+00
8.032739735917207469e+00
7.964699993392575728e+00
7.896603762508050295e+00
7.828472469882900242e+00
7.760329976979494226e+00
7.692197223448484777e+00
7.624097096815001251e+00
7.556053458541411416e+00
7.488085787372508406e+00
7.420218918707900180e+00
7.352473792198236602e+00
7.284873295368649693e+00
7.217439828775647825e+00
7.150195792975741149e+00
7.083163101556820607e+00
7.016364642044014666e+00
6.949822328025215157e+00
6.883559047025550548e+00
6.817596712632910894e+00
6.751958212372427326e+00
6.686665459831989899e+00
6.621741342536727082e+00
6.557207287105909721e+00
6.493086181064668949e+00
6.429400911938132346e+00
6.366172419376952440e+00
6.303424564843497890e+00
6.241179261925658750e+00
6.179458911179945169e+00
6.118285426194247201e+00
6.057681207525074996e+00
5.997669142697558797e+00
5.938268710456489075e+00
5.879490624111500807e+00
5.821343162129132054e+00
5.763834602975917321e+00
5.706972251181153588e+00
5.650765359148617328e+00
5.595221231407605522e+00
5.540348146424653564e+00
5.486154382666298623e+00
5.432647731630456001e+00
5.379836471783663754e+00
5.327729368561076484e+00
5.276333726491991172e+00
5.225657824042944988e+00
5.175710426649093421e+00
5.126498838839732564e+00
5.078031339081399587e+00
5.030316205840630772e+00
4.983361717583962403e+00
4.937176152777930760e+00
4.891766328983211842e+00
4.847142472540822311e+00
4.803310914042818958e+00
4.760280905892978254e+00
4.718059752620595404e+00
4.676656706629446880e+00
4.636078585480210457e+00
4.596334154608041622e+00
4.557431205510857453e+00
4.519378503623813437e+00
4.482183840444825762e+00
4.445855007471811504e+00
4.410400770139926152e+00
4.375828432978467575e+00
4.342146761422590373e+00
4.309364033938832605e+00
4.277488042025109571e+00
4.246526577179337458e+00
4.216487917868054325e+00
4.187381316495033978e+00
4.159213103652334986e+00
4.131992044775112838e+00
4.105727392267143117e+00
4.080425720204794438e+00
4.056096280991840608e+00
4.032746622641889545e+00
4.010384536652856546e+00
3.989018788459899767e+00
3.968657413045243665e+00
3.949308445391115363e+00
3.930976998668023192e+00
3.913655768346669284e+00
3.897335988991898148e+00
3.882007190778384409e+00
3.867659147365112737e+00
3.854283336801236803e+00
3.841868802292811580e+00
3.830406047951751436e+00
3.819885821374279899e+00
3.810297165766452832e+00
3.801631559177423014e+00
3.793878775266175563e+00
3.787028100723075497e+00
3.781071013597276043e+00
3.775997287547762316e+00
3.771796452749208495e+00
3.768459500282148600e+00
3.765976690774187841e+00
3.764337797884309555e+00
3.763532595271499304e+00
3.763552317500600708e+00
3.764386738230597995e+00
3.766025631120475836e+00
3.768459987250768695e+00
3.771679093311840703e+00
3.775673940384226768e+00
3.780434058642600625e+00
3.785950195683186692e+00
3.792212125164970082e+00
3.799210351199864277e+00
3.806935377899784090e+00
3.815376491955094096e+00
3.824524197477708221e+00
3.834369485548160927e+00
3.844901642856817237e+00
3.856111173515590629e+00
3.867988338152085870e+00
3.880523153909597234e+00
3.893705637931419439e+00
3.907526781298086505e+00
3.921976357668583102e+00
3.937043897217583410e+00
3.952720634509931497e+00
3.968996099720302428e+00
3.985860553476300083e+00
4.003304743374148877e+00
4.021318199588523434e+00
4.039891426231338123e+00
4.059014440445887217e+00
4.078677746344085087e+00
4.098870387131985815e+00
4.119577266782378011e+00
4.140781828362187333e+00
4.162468488875581407e+00
4.184621178358106874e+00
4.207222852908071964e+00
4.230258903466883602e+00
4.253711799164229035e+00
4.277565957004274999e+00
4.301805793991188231e+00
4.326414753191897056e+00
4.351375790704708812e+00
4.376673810502409445e+00
4.402293229589167467e+00
4.428216517094669236e+00
4.454428090023082376e+00
4.480912365378573625e+00
4.507652786228070418e+00
4.534632795638500191e+00
4.561836810614029680e+00
4.589248761190206416e+00
4.616852090433957834e+00
4.644631215349450670e+00
4.672569579003612361e+00
4.700651111431990437e+00
4.728860229638751633e+00
4.757179402753583197e+00
4.785594021717892055e+00
4.814087042629986435e+00
4.842643369462652281e+00
4.871245471345577727e+00
4.899878739220168811e+00
4.928525155247494460e+00
4.957170110368960714e+00
4.985797534620114213e+00
5.014389897130643980e+00
5.042932588841956054e+00
5.071409052820977870e+00
5.099802245166015879e+00
5.128097556818478786e+00
5.156277456908052059e+00
5.184326362438905100e+00
5.212228690415202870e+00
5.239967396935253596e+00
5.267526899003224905e+00
5.294891126654662550e+00
5.322043522956495742e+00
5.348968504912890332e+00
5.375649515590773753e+00
5.402070971994312742e+00
5.428216804159054831e+00
5.454079220587083832e+00
5.479649455843243366e+00
5.504919231460997153e+00
5.529880268973808910e+00
5.554525263852381656e+00
5.578845937630179108e+00
5.602834011840664985e+00
5.626481208017303892e+00
5.649780221630797072e+00
5.672722287245990813e+00
5.695299613364967151e+00
5.717503921521189802e+00
5.739327420216742581e+00
5.760762317953709299e+00
5.781799362328313485e+00
5.802432222748497459e+00
5.822651646810487414e+00
5.842449843016364497e+00
5.861818532899594203e+00
5.880749924962258568e+00
5.899236227706442293e+00
5.917268675696988112e+00
5.934839964404599932e+00
5.951941328394122266e+00
5.968565463136257243e+00
5.984703116227229280e+00
6.000347470106362380e+00
6.015490246307119371e+00
6.030123166362963083e+00
6.044237464838739804e+00
6.057826324173769983e+00
6.070880491964279813e+00
6.083393150649591519e+00
6.095355047825928629e+00
6.106758878963995052e+00
6.117596365597254504e+00
6.127859229259171592e+00
6.137540165420447558e+00
6.146630408645927801e+00
6.155121680469075152e+00
6.163006676360593517e+00
6.170276630885326519e+00
6.176923752545357083e+00
6.182940249842769909e+00
6.188317844311028715e+00
6.193048744452215537e+00
6.197123697862555680e+00
6.200536373949991464e+00
6.203277520310746418e+00
6.205341780290004827e+00
6.206731101762244407e+00
6.207451328350902742e+00
6.207505381867698624e+00
6.206900079873308940e+00
6.205638344179452481e+00
6.203725044472326644e+00
6.201166024375369901e+00
6.197965179637539457e+00
6.194126892976413501e+00
6.189656521046810411e+00
6.184558446566307488e+00
6.178837539221103015e+00
6.172497694760154197e+00
6.165544756806899507e+00
6.157982621110297039e+00
6.149816644325164283e+00
6.141050722200459333e+00
6.131690211391000567e+00
6.121739494614364396e+00
6.111202954588130787e+00
6.100085947967115452e+00
6.088392370500278261e+00
6.076128065811055912e+00
6.063296442679787290e+00
6.049902370792669792e+00
6.035951206804520019e+00
6.021447820401538031e+00
6.006396107332681034e+00
5.990800937284146421e+00
5.974667179942131590e+00
5.957999218024216503e+00
5.940802408185216876e+00
5.923080646174092578e+00
5.904839288645659323e+00
5.886082231348876981e+00
5.866815317907182248e+00
5.847042444069533218e+00
5.826767992553508968e+00
5.805997320013925211e+00
5.784734809168361913e+00
5.762984842734396373e+00
5.740752777366846082e+00
5.718043482751908435e+00
5.694860367669923207e+00
5.671209275744326206e+00
5.647094589692696509e+00
5.622520692232612305e+00
5.597492453050270989e+00
5.572014741831869955e+00
5.546092915232227583e+00
5.519737199592358756e+00
5.492958308221899344e+00
5.465767441399103532e+00
5.438174825464987983e+00
5.410192147666425200e+00
5.381830121313052828e+00
5.353098972745884865e+00
5.324009902243177272e+00
5.294575084020424427e+00
5.264803283512780929e+00
5.234706674935742932e+00
5.204296458567565509e+00
5.173582373780643451e+00
5.142576594790472022e+00
5.111288860969446013e+00
5.079730859564440593e+00
5.047913303885091629e+00
5.015846907241033215e+00
4.983542869910521311e+00
4.951011905203190899e+00
4.918264726428676958e+00
4.885312533865234563e+00
4.852166527791118789e+00
4.818836447578725313e+00
4.785334467443548512e+00
4.751670813726603271e+00
4.717856686706145553e+00
4.683902799691811225e+00
4.649820352961853587e+00
4.615619572857288411e+00
4.581312146624991755e+00
4.546908300605977615e+00
4.512420209015740369e+00
4.477856637289438169e+00
4.443230246611183709e+00
4.408551263321991875e+00
4.373830400731499424e+00
4.339079346086580635e+00
4.304308325728250395e+00
4.269528052966144571e+00
4.234750702015757540e+00
4.199985525280864884e+00
4.165244696976960981e+00
4.130537956476442396e+00
4.095876991026183411e+00
4.061272513935819006e+00
4.026735968967913415e+00
3.992277582463484187e+00
3.957908067732164525e+00
3.923638381567900790e+00
3.889475585015679027e+00
3.855426982604796216e+00
3.821499635380239290e+00
3.787700360902685137e+00
3.754036220217120690e+00
3.720514030884222834e+00
3.687141340917598153e+00
3.653924480909303885e+00
3.620870998872946611e+00
3.587987468884893616e+00
3.555281195474441436e+00
3.522758996202266957e+00
3.490427932113357112e+00
3.458295307737008439e+00
3.426367697149588665e+00
3.394652161396083834e+00
3.363155761521481324e+00
3.331885802055077228e+00
3.300848613588929670e+00
3.270051987620954392e+00
3.239502498227518679e+00
3.209206962969299859e+00
3.179172686375594026e+00
3.149406486007078954e+00
3.119915422908740243e+00
3.090706801609876209e+00
3.061787196186852356e+00
3.033163911168966553e+00
3.004843520632585641e+00
2.976833572591315757e+00
2.949140884605834234e+00
2.921772274236817957e+00
2.894734802529253859e+00
2.868035530528128429e+00
2.841681762762739094e+00
2.815679829825142200e+00
2.790037279728945219e+00
2.764760930034824593e+00
2.739857598303457209e+00
2.715334589064140047e+00
2.691198719877549994e+00
2.667457295272983586e+00
2.644116889326808106e+00
2.621184806568320536e+00
2.598667864558197316e+00
2.576573367825735428e+00
2.554907890447301710e+00
2.533678736952193589e+00
2.512892724901087060e+00
2.492555697917420598e+00
2.472667412516883267e+00
2.453226894762236210e+00
2.434233170716239236e+00
2.415684779473033839e+00
2.397580016642449685e+00
2.379918395255868013e+00
2.362698210923119380e+00
2.345918246222653547e+00
2.329577527217232102e+00
2.313674593000994761e+00
2.298208226152392619e+00
2.283177209249875883e+00
2.268580324871895648e+00
2.254416599081211281e+00
2.240684084003345067e+00
2.227382292669676023e+00
2.214509764174345197e+00
2.202065037611493636e+00
2.190046895559571105e+00
2.178454364081338746e+00
2.167285982270936717e+00
2.156540776191126163e+00
2.146217041451737195e+00
2.136313804115530068e+00
2.126830090245265925e+00
2.117764195450774878e+00
2.109115145794818069e+00
2.100881723855845262e+00
2.093062468727997505e+00
2.085656649958345543e+00
2.078662319672409442e+00
2.072078747417259503e+00
2.065904472287037219e+00
2.060138520344502400e+00
2.054779187199486046e+00
2.049825498914748856e+00
2.045276238068740593e+00
2.041130308982067376e+00
2.037386129006714786e+00
2.034042724205443076e+00
2.031098755414547874e+00
2.028553005212479832e+00
2.026404256177689600e+00
2.024651290888627386e+00
2.023292770181589262e+00
2.022327476635025434e+00
2.021754192827386110e+00
2.021571944821432876e+00
2.021778906484840377e+00
2.022373373427439613e+00
2.023348162862089517e+00
2.024695726775182614e+00
2.026408395410957741e+00
2.028478255529343244e+00
2.030897759116732537e+00
2.033658871190899387e+00
2.036753800253927160e+00
2.040174998292208830e+00
2.043914673807828652e+00
2.047964791818559949e+00
2.052318047795105294e+00
2.056966406755239340e+00
2.061902077201045014e+00
2.067117267634605682e+00
2.072604186558005157e+00
2.078355285957636411e+00
2.084362774335583257e+00
2.090618373225309412e+00
2.097115021581827499e+00
2.103844684422911726e+00
2.110799570250645463e+00
2.117971887567112077e+00
2.125353844874395381e+00
2.132937650674577856e+00
2.140715756954054250e+00
2.148680128730596994e+00
2.156823217990599950e+00
2.165137233236146486e+00
2.173614139485010366e+00
2.182246388723585007e+00
2.191026432938263824e+00
2.199945993662509647e+00
2.208997766367026827e+00
2.218173716069588686e+00
2.227466051272278591e+00
2.236867223961489515e+00
2.246369199154995666e+00
2.255964672323500064e+00
2.265645365000466427e+00
2.275403972656597773e+00
2.285232216825358265e+00
2.295122792977450477e+00
2.305067422646339015e+00
2.315058801302726454e+00
2.325089137448696608e+00
2.335150152617713193e+00
2.345234785764788832e+00
2.355335001907697734e+00
2.365442766064213220e+00
