# te
2.547423669729864670e+00
3.172313246397338027e+00
3.247033467932455064e+00
2.996913236659427326e+00
2.597819808706845812e+00
2.161352026154577111e+00
1.756424470652691472e+00
1.415838374492498719e+00
1.155115010234481598e+00
9.800124165811033849e-01
8.889280406757372743e-01
8.620854781582409920e-01
8.770380931129726498e-01
9.185532636288256114e-01
9.741122439127410937e-01
1.034837900381471387e+00
1.093417547013897817e+00
1.145150414852182275e+00
1.187504875784230141e+00
1.224011939272084959e+00
1.259265058563999728e+00
1.296045311447552306e+00
1.336259667037811294e+00
1.380134930969440177e+00
1.427195700127376288e+00
1.475841795627014230e+00
1.523909007179885755e+00
1.568104818205486417e+00
1.605423536640363746e+00
1.635133735617604112e+00
1.656514823322084551e+00
1.666610656747415486e+00
1.663325688180517625e+00
1.650240841366961808e+00
1.631249430421908952e+00
1.605817250769457916e+00
1.572644826647718652e+00
1.531797411851742563e+00
1.483682355631977368e+00
1.428445261605738148e+00
1.365185968279356787e+00
1.292742690268187555e+00
1.209954250898358508e+00
1.115658864785224136e+00
1.008958927020369822e+00
8.900138589556972901e-01
7.592464102242548751e-01
6.170799391698662539e-01
4.639374997809673773e-01
3.001621614501949198e-01
1.257766443072157736e-01
-5.927643024737296040e-02
-2.550544255952046924e-01
-4.616147203356822937e-01
-6.790792620636377785e-01
-9.078279623913483309e-01
-1.148305362797598095e+00
-1.400956004761170659e+00
-1.666224368889772878e+00
-1.944423697748079771e+00
-2.235342281728640579e+00
-2.538636807954508967e+00
-2.853964328775203008e+00
-3.180981287829466542e+00
-3.519341693912943381e+00
-3.868685190246994754e+00
-4.228649472178502400e+00
-4.598870287179869010e+00
-4.978984843629357115e+00
-5.368736022095720983e+00
-5.768287931003827751e+00
-6.177910837937656829e+00
-6.597875984418426043e+00
-7.028452664092875501e+00
-7.469795732982096759e+00
-7.921599374792866577e+00
-8.383442361669072085e+00
-8.854903952723221394e+00
-9.335561459193343126e+00
-9.824983426882310411e+00
-1.032268970473101888e+01
-1.082819332411968283e+01
-1.134100342067956468e+01
-1.186063205185364211e+01
-1.238663218044895231e+01
-1.291873110403841807e+01
-1.345669897343350385e+01
-1.400030593944567059e+01
-1.454932604863533996e+01
-1.510349049432439195e+01
-1.566239801437012424e+01
-1.622561033701473576e+01
-1.679268821656317812e+01
-1.736319532913213237e+01
-1.793669048115206976e+01
-1.851274124448862324e+01
-1.909090155588607729e+01
-1.967073703933558448e+01
-2.025180942307933663e+01
-2.083368238323401300e+01
-2.141591375229284822e+01
-2.199806720637252155e+01
-2.257970642158970165e+01
-2.316038923043762665e+01
-2.373968125690745623e+01
-2.431714033349242499e+01
-2.489233208418368548e+01
-2.546481628934895269e+01
-2.603415272935594871e+01
-2.659989534094894736e+01
-2.716154352038681807e+01
-2.771858692455602480e+01
-2.827051715821751188e+01
-2.881682387825775393e+01
-2.935699479368873455e+01
-2.989052540502036237e+01
-3.041689952551566734e+01
-3.093560875993559378e+01
-3.144614276516661278e+01
-3.194799509384414549e+01
-3.244065540285466653e+01
-3.292360945333568623e+01
-3.339634690217366142e+01
-3.385836324987851498e+01
-3.430914425758773945e+01
-3.474817958218780944e+01
-3.517496277631415325e+01
-3.558898349685323836e+01
-3.598973140069153231e+01
-3.637670783196237778e+01
-3.674949594552723653e+01
-3.710769447924341335e+01
-3.745089437947028443e+01
-3.777869438406516167e+01
-3.809068543938741414e+01
-3.838647407479226814e+01
-3.866564734089013911e+01
-3.892780397553833183e+01
-3.917253882084518324e+01
-3.939944671891903738e+01
-3.960812640761719194e+01
-3.979817272904799097e+01
-3.996918052531977139e+01
-4.012074463854088435e+01
-4.025246380656861334e+01
-4.036393676726026314e+01
-4.045475446697522415e+01
-4.052450785207286543e+01
-4.057280345190841331e+01
-4.059927896182875173e+01
-4.060375907313075317e+01
-4.058610743460087633e+01
-4.054619938227245513e+01
-4.048390246068092324e+01
-4.039908811011064671e+01
-4.029161997934808426e+01
-4.016137340442657688e+01
-4.000821982563049772e+01
-3.983202289174631261e+01
-3.963265404305840178e+01
-3.940998082410217052e+01
-3.916387857091096691e+01
-3.889421093227124970e+01
-3.860084934846739912e+01
-3.828366525978378121e+01
-3.794252621075582965e+01
-3.757730364166791048e+01
-3.718786120130648243e+01
-3.677407422570489359e+01
-3.633581025939856346e+01
-3.587293684692289730e+01
-3.538532932431123612e+01
-3.487285523609900650e+01
-3.433537823107266007e+01
-3.377281260275512409e+01
-3.318524795337242494e+01
-3.257281284264020371e+01
-3.193562609090167115e+01
-3.127382210149589525e+01
-3.058752943413849579e+01
-2.987686885704718165e+01
-2.914197477356101018e+01
-2.838297184764664749e+01
-2.759998474327075613e+01
-2.679314591589791661e+01
-2.596258197736927542e+01
-2.510841759165149156e+01
-2.423078326633467583e+01
-2.332980756113444087e+01
-2.240561319214297598e+01
-2.145833456269934203e+01
-2.048809244102124794e+01
-1.949501928257326711e+01
-1.847923975132206920e+01
-1.744088240698327397e+01
-1.638007386139802435e+01
-1.529694559609366777e+01
-1.419162032716238286e+01
-1.306422758825703490e+01
-1.191497580194688943e+01
-1.074439479009027032e+01
-9.553093263461905238e+00
-8.341682854648242440e+00
-7.110773735329868117e+00
-5.860974616281510841e+00
-4.592896643120996991e+00
-3.307150231013225028e+00
-2.004344577701541841e+00
-6.850904027062330037e-01
6.500023657764244511e-01
2.000323556065843000e+00
3.365263118223589700e+00
4.744210454471535776e+00
6.136556488808486698e+00
7.541689832132306925e+00
8.959001286699647792e+00
1.038787921992406282e+01
1.182771589496806364e+01
1.327790065318244217e+01
1.473782088804351176e+01
1.620686983665102332e+01
1.768443489248129552e+01
1.916990734475959357e+01
2.066267458696223258e+01
2.216213083012620544e+01
2.366766249379058351e+01
2.517865989324339893e+01
2.669451529164716774e+01
2.821461705641543816e+01
2.973835355496176902e+01
3.126511315469970498e+01
3.279429006666624247e+01
3.432527655402389399e+01
3.585745514056277017e+01
3.739021808944538350e+01
3.892295766383425359e+01
4.045506223114292510e+01
4.198592405453391052e+01
4.351492760567180085e+01
4.504146904346807645e+01
4.656492894383836756e+01
4.808470736144310820e+01
4.960018876794688225e+01
5.111076542651220933e+01
5.261582960030159484e+01
5.411476186523068321e+01
5.560695838021093351e+01
5.709181140840487245e+01
5.856870931722603757e+01
6.003704436983694848e+01
6.149624389114074319e+01
6.294575468478534219e+01
6.438499628417596909e+01
6.581340380571367632e+01
6.723042015729743071e+01
6.863548435107723833e+01
7.002801202470936914e+01
7.140744219034382922e+01
7.277322165162854617e+01
7.412477383771769723e+01
7.546154555225921001e+01
7.678295243290934025e+01
7.808844128331602974e+01
7.937743553263344154e+01
8.064938198450950324e+01
8.190371185959631362e+01
8.313985637854597144e+01
8.435725455350848279e+01
8.555532981363802492e+01
8.673352896258251121e+01
8.789127542949614735e+01
8.902801601802684672e+01
9.014317415732877237e+01
9.123618106805403727e+01
9.230649134534849054e+01
9.335351283537045219e+01
9.437670013326578555e+01
9.537547666818865366e+01
9.634928145228907681e+01
9.729754570621915377e+01
9.821970844212887641e+01
9.911520088067037193e+01
9.998344645099777495e+01
1.008238997482569630e+02
1.016359842016020991e+02
1.024191310316852821e+02
1.031727870421544253e+02
1.038963678706658129e+02
1.045893281123652798e+02
1.052510834049090676e+02
1.058810805519451321e+02
1.064787507741255581e+02
1.070435175006045085e+02
1.075748353265278467e+02
1.080721276810497358e+02
1.085348257848222886e+02
1.089623686499954829e+02
1.093541874972214458e+02
1.097097213386501693e+02
1.100285104759045964e+02
1.103106250324659499e+02
1.105561896723009170e+02
1.107653913913594721e+02
1.109383938110978818e+02
1.110753293869807266e+02
1.111763695319621661e+02
1.112416934504942674e+02
1.112714647640332828e+02
1.112658159280438070e+02
1.112249105639820783e+02
1.111489356677980993e+02
1.110380236949564363e+02
1.108923538499091705e+02
1.107120897541125686e+02
1.104973872375249329e+02
1.102483943386067011e+02
1.099652824703120331e+02
1.096482074625992453e+02
1.092973407284225118e+02
1.089128380977401633e+02
1.084948631920084523e+02
1.080435640496877738e+02
1.075591120837323160e+02
1.070416709155983028e+02
1.064913885837461578e+02
1.059084365011300406e+02
1.052929860807041109e+02
1.046451697779329777e+02
1.039651667972686937e+02
1.032531407601674971e+02
1.025092474965877472e+02
1.017336428364877605e+02
1.009264981928216969e+02
1.000879616040499798e+02
9.921819669162884736e+01
9.831737486851245933e+01
9.738565196465916074e+01
9.642318381002726824e+01
9.543014181757095571e+01
9.440666623425271098e+01
9.335294405602253676e+01
9.226911552984293508e+01
9.115535206866806561e+01
9.001180950245624501e+01
8.883865924416166138e+01
8.763604933224469562e+01
8.640414338816162854e+01
8.514309724187077677e+01
8.385309788932212882e+01
8.253437128395528077e+01
8.118758749459104251e+01
7.981349450502939646e+01
7.841284809056826077e+01
7.698640402650551096e+01
7.553490250514323634e+01
7.405910709327726238e+01
7.255977356620547880e+01
7.103763432473203920e+01
6.949346851864859786e+01
6.792800075726138687e+01
6.634200239886413897e+01
6.473622142725686501e+01
6.311140972198847265e+01
6.146832305835689425e+01
5.980770162866418360e+01
5.813030899970615906e+01
5.643690094678073166e+01
5.472821376644101576e+01
5.300501492123176916e+01
5.126805239495299560e+01
4.951807417140467749e+01
4.775583992163367242e+01
4.598209373369100206e+01
4.419759917437249896e+01
4.240309254023127039e+01
4.059934129381208123e+01
3.878708952316597447e+01
3.696709300359084693e+01
3.514009971888668815e+01
3.330686934010034861e+01
3.146814790315734456e+01
2.962469118335557283e+01
2.777724911236950334e+01
2.592657551762255608e+01
2.407342227866367779e+01
2.221854322291628847e+01
2.036268828205485448e+01
1.850661128350280293e+01
1.665106410680907345e+01
1.479679960545984940e+01
1.294456965900407752e+01
1.109512614699070276e+01
9.249222896843145136e+00
7.407610327204491085e+00
5.571042265498164170e+00
3.740270347788798855e+00
1.916047184078268684e+00
9.912508762194457979e-02
-1.709743537018185711e+00
-3.509839475235127182e+00
-5.300576972259243291e+00
-7.081401249090447436e+00
-8.851762031188384228e+00
-1.061110173948340396e+01
-1.235887107337239144e+01
-1.409451488862879387e+01
-1.581748096283777905e+01
-1.752721609964727278e+01
-1.922316807664244465e+01
-2.090477980172225969e+01
-2.257150197428360627e+01
-2.422277945009992806e+01
-2.585805903281915619e+01
-2.747678947396369864e+01
-2.907841562930699908e+01
-3.066238430249698510e+01
-3.222814229718158430e+01
-3.377513836488320464e+01
-3.530281736137528981e+01
-3.681062803818024776e+01
-3.829801330319705244e+01
-3.976442385582258510e+01
-4.120930649970477333e+01
-4.263210414274258397e+01
-4.403226748433290538e+01
-4.540923943237469729e+01
-4.676247068626486225e+01
-4.809140804965131366e+01
-4.939549832618198622e+01
-5.067418442375583965e+01
-5.192691704176976941e+01
-5.315313908812273525e+01
-5.435230126221162550e+01
-5.552385036768437487e+01
-5.666723320818890386e+01
-5.778188879587521853e+01
-5.886727562163812877e+01
-5.992283269762764064e+01
-6.094801072324064251e+01
-6.194225650212505485e+01
-6.290500904643089797e+01
-6.383572684705296751e+01
-6.473385281189023033e+01
-6.559883374459062111e+01
-6.643010865730414594e+01
-6.722713214517665392e+01
-6.798935101185605845e+01
-6.871621206099030132e+01
-6.940716209622729593e+01
-7.006178037667956460e+01
-7.068014481732626564e+01
-7.126251253759863857e+01
-7.180908611644251494e+01
-7.232010709029331963e+01
-7.279579362109269880e+01
-7.323637945377815583e+01
-7.364209054178927261e+01
-7.401315283856563099e+01
-7.434979229754679864e+01
-7.465222708067443591e+01
-7.492070651588188923e+01
-7.515543318211496171e+01
-7.535664861580909246e+01
-7.552457877040384915e+01
-7.565945739083673516e+01
-7.576149484755147512e+01
-7.583092488548558663e+01
-7.586797345807863735e+01
-7.587287431026813067e+01
-7.584585339549364846e+01
-7.578712887569683687e+01
-7.569692670431727777e+01
-7.557548841779039606e+01
-7.542303217805785209e+01
-7.523979173005713506e+01
-7.502597744423198378e+01
-7.478183864851574469e+01
-7.450758571335215663e+01
-7.420344459218080146e+01
-7.386965682143707568e+01
-7.350643277156474653e+01
-7.311401397899921051e+01
-7.269262639718006369e+01
-7.224248039655103071e+01
-7.176381751354753646e+01
-7.125686370160916283e+01
-7.072184491417547747e+01
-7.015898710468606225e+01
-6.956851622658051326e+01
-6.895065823329838395e+01
-6.830565466127511343e+01
-6.763370808945650481e+01
-6.693506005427798300e+01
-6.620993650917912987e+01
-6.545856340759951308e+01
-6.468116670297872872e+01
-6.387797624450529810e+01
-6.304921798561881019e+01
-6.219511787975883976e+01
-6.131598758684204853e+01
-6.041248548844238542e+01
-5.948536346410878650e+01
-5.853535001889645883e+01
-5.756320871960120655e+01
-5.656966807127823671e+01
-5.555548384922544614e+01
-5.452139624574490284e+01
-5.346814545313868194e+01
-5.239648335095571952e+01
-5.130715013149809778e+01
-5.020088598706787053e+01
-4.907844279721398806e+01
-4.794056075423852548e+01
-4.678798784194146521e+01
-4.562146425262487526e+01
-4.444173407433978440e+01
-4.324954918663512871e+01
-4.204564199031507599e+01
-4.083076826067752307e+01
-3.960566429427557011e+01
-3.837107807490922085e+01
-3.712775369062948982e+01
-3.587643522948741293e+01
-3.461787067528297257e+01
-3.335279632456927601e+01
-3.208196405689527353e+01
-3.080611406456302959e+01
-2.952599238349805333e+01
-2.824234115387689670e+01
-2.695590835949954212e+01
-2.566743419266805759e+01
-2.437766858505690948e+01
-2.308735172896816934e+01
-2.179722771245286239e+01
-2.050804257143649423e+01
-1.922054039397009717e+01
-1.793546721597917326e+01
-1.665356322976579762e+01
-1.537557641912994910e+01
-1.410224989818541985e+01
-1.283432678104599667e+01
-1.157255407757442711e+01
-1.031767392794725779e+01
-9.070433342027238055e+00
-7.831573486053675204e+00
-6.601840395952074836e+00
-5.381978159773466608e+00
-4.172731352537497607e+00
-2.974844305779503983e+00
-1.789015089015945525e+00
-6.157581845936216380e-01
5.444586741281663977e-01
1.691167266821497650e+00
2.823899373158451187e+00
3.942187503264035886e+00
5.045562706357401339e+00
6.133557736047865916e+00
7.205704372007509129e+00
8.261534637392719205e+00
9.300579581422647735e+00
1.032237122725368117e+01
1.132644305894806891e+01
1.231232563875633979e+01
1.327955050286626459e+01
1.422765210927733115e+01
1.515615907236558790e+01
1.606460585013052622e+01
1.695252495269714998e+01
1.781944207262979418e+01
1.866489751155138777e+01
1.948841988383797386e+01
2.028953975174008661e+01
2.106778962538273348e+01
2.182270201489092543e+01
2.255380943038966635e+01
2.326064243412949040e+01
2.394273353623540856e+01
2.459961719470690156e+01
2.523082007604554278e+01
2.583587858612530397e+01
2.641432133932223181e+01
2.696568279363581411e+01
2.748949545919106185e+01
2.798528795036402528e+01
2.845259667302866902e+01
2.889094829368656647e+01
2.929987921821168584e+01
2.967892000885455417e+01
3.002759927999122169e+01
3.034545343749565660e+01
3.063201499149286633e+01
3.088681450423338504e+01
3.110937864221878257e+01
3.129924770707198078e+01
3.145594836529455307e+01
3.157901312701150687e+01
3.166797645022233354e+01
3.172236694930307976e+01
3.174171908225323691e+01
3.172569197103895533e+01
3.167445118499096068e+01
3.158828695740664472e+01
3.146749341733235639e+01
3.131236664168892148e+01
3.112319102015029060e+01
3.090026847326073778e+01
3.064389118219212449e+01
3.035434353661840490e+01
3.003192550920936910e+01
2.967692928113688211e+01
2.928964313782385531e+01
2.887036899981455917e+01
2.841939125678294076e+01
2.793700403777535257e+01
2.742350147183814002e+01
2.687917768801765206e+01
2.630432291961128044e+01
2.569923129566537412e+01
2.506419499735180523e+01
2.439950815371691561e+01
2.370546294593258096e+01
2.298235155517066630e+01
2.223046811047752414e+01
2.145010284515053911e+01
2.064154988823606729e+01
1.980510142090597370e+01
1.894105352008108767e+01
1.804969447118431702e+01
1.713132229901097148e+01
1.618622236717224538e+01
1.521469270046344491e+01
1.421702645399367526e+01
1.319351483499757016e+01
1.214445099858423838e+01
1.107012615198830829e+01
9.970835398193369059e+00
8.846869944434049060e+00
7.698524406725319125e+00
6.526089018364568339e+00
5.329858882335384962e+00
4.110125692841019251e+00
2.867182361506269483e+00
1.601321678213780686e+00
3.128364024106579655e-01
-9.979805238427607028e-01
-2.330836341099369768e+00
-3.685438655138528752e+00
-5.061493884753585526e+00
-6.458709605288362354e+00
-7.876717911950612105e+00
-9.314849709856753535e+00
-1.077235945004990114e+01
-1.224850353144764448e+01
-1.374253591812447972e+01
-1.525371349596661652e+01
-1.678129120298578769e+01
-1.832452397719372783e+01
-1.988266578266492957e+01
-2.145497447922284451e+01
-2.304070403094196351e+01
-2.463911034977126135e+01
-2.624944739978523245e+01
-2.787097304080732130e+01
-2.950293928903755258e+01
-3.114460595217384764e+01
-3.279522504641622760e+01
-3.445405443158813341e+01
-3.612034028026615573e+01
-3.779335408739509461e+01
-3.947233618192808535e+01
-4.115655026731201360e+01
-4.284524835974690404e+01
-4.453769026693068156e+01
-4.623312410931440297e+01
-4.793081359034496103e+01
-4.963000683047340544e+01
-5.132996363739766821e+01
-5.302993213156879904e+01
-5.472917991218265854e+01
-5.642694730819238202e+01
-5.812250971029172320e+01
-5.981509965593591716e+01
-6.150399253581871761e+01
-6.318842867889327408e+01
-6.486767178860647221e+01
-6.654096608966040094e+01
-6.820759086849778896e+01
-6.986677476682490351e+01
-7.151779317533549829e+01
-7.315988252723376206e+01
-7.479231042171555544e+01
-7.641433666647877487e+01
-7.802520548622554486e+01
-7.962417668865379028e+01
-8.121051008146145023e+01
-8.278345768084851386e+01
-8.434226371151709145e+01
-8.588620356416096513e+01
-8.741451367198428102e+01
-8.892651617466833613e+01
-9.042171241634645185e+01
-9.189965049013947862e+01
-9.335990186366200305e+01
-9.480202242153278291e+01
-9.622556804837057598e+01
-9.763009462879414002e+01
-9.901516583892016854e+01
-1.003803375633673909e+02
-1.017251656867545933e+02
-1.030492060937005050e+02
-1.043520224603218196e+02
-1.056331784627352164e+02
-1.068922144025636101e+02
-1.081287017474215872e+02
-1.093421963819279199e+02
-1.105322619821992873e+02
-1.116984388498585901e+02
-1.128402984525204289e+02
-1.139573966748035758e+02
-1.150492971928246959e+02
-1.161155558912025469e+02
-1.171557286545559009e+02
-1.181693713675034871e+02
-1.191560477061620134e+02
-1.201152979721543801e+02
-1.210467092160910170e+02
-1.219498139480969314e+02
-1.228241758442888170e+02
-1.236693741637791675e+02
-1.244849414166929762e+02
-1.252704490706448723e+02
-1.260254530102535853e+02
-1.267495169116357800e+02
-1.274421810764144141e+02
-1.281030091807061524e+02
-1.287315804836235031e+02
-1.293274197037935380e+02
-1.298901216833245940e+02
-1.304192111408438279e+02
-1.309142595439657555e+02
-1.313748305688070843e+02
-1.318004956829824152e+02
-1.321907718136208985e+02
-1.325452538028308993e+02
-1.328634741607374110e+02
-1.331450121464529559e+02
-1.333894158530983418e+02
-1.335962489567902765e+02
-1.337650595506495961e+02
-1.338955203917638244e+02
-1.339878184760829072e+02
-1.340421875485444048e+02
-1.340589392690649220e+02
-1.340383229655778052e+02
-1.339806191320080586e+02
-1.338861082622806578e+02
-1.337550552673247921e+02
-1.335877406410654373e+02
-1.333844448774275975e+02
-1.331454328873404336e+02
-1.328709851647289213e+02
-1.325613666205222501e+02
-1.322168733316412386e+02
-1.318377546260192048e+02
-1.314242754145853098e+02
-1.309767629402520868e+02
-1.304954353649611392e+02
-1.299806043486291571e+02
-1.294325270106873802e+02
-1.288514838450608124e+02
-1.282377397626786149e+02
-1.275915830489636988e+02
-1.269132941978410400e+02
-1.262031225372439849e+02
-1.254613485610975232e+02
-1.246882761378204094e+02
-1.238841390123501185e+02
-1.230492410531054190e+02
-1.221838393795175364e+02
-1.212882144855114745e+02
-1.203626468650122234e+02
-1.194074092204468656e+02
-1.184227742542424693e+02
-1.174090068773282098e+02
-1.163663953751269986e+02
-1.152952046585679966e+02
-1.141957152215761795e+02
-1.130682075580765655e+02
-1.119129309960024727e+02
-1.107301894037726413e+02
-1.095202476923162465e+02
-1.082833785640603423e+02
-1.070198469299341184e+02
-1.057299410753604860e+02
-1.044139414942644066e+02
-1.030720975145792409e+02
-1.017047052132258074e+02
-1.003120295011332672e+02
-9.889435087222661025e+01
-9.745201994391207734e+01
-9.598566782752091342e+01
-9.449604250685311513e+01
-9.298383742522324269e+01
-9.144979277493335701e+01
-8.989463316528970438e+01
-8.831905983110476654e+01
-8.672382075617854014e+01
-8.510962496682141420e+01
-8.347718148934379201e+01
-8.182723830754567018e+01
-8.016049665623953047e+01
-7.847768114473161916e+01
-7.677952417382607564e+01
-7.506673476983330318e+01
-7.334004533355745536e+01
-7.160018047430477850e+01
-6.984784921838567584e+01
-6.808377617510636526e+01
-6.630869374527101456e+01
-6.452331485093898777e+01
-6.272836020566755622e+01
-6.092455052301399832e+01
-5.911261430803351402e+01
-5.729327227428336755e+01
-5.546724123957189789e+01
-5.363524581320533002e+01
-5.179801060448990313e+01
-4.995625243123392778e+01
-4.811069979849261813e+01
-4.626206562832531688e+01
-4.441107842578723108e+01
-4.255845500868667841e+01
-4.070492388207884460e+01
-3.885120186377206153e+01
-3.699801356307256128e+01
-3.514607190203970077e+01
-3.329611317722659436e+01
-3.144885225856707933e+01
-2.960500596386948402e+01
-2.776530474606347809e+01
-2.593046542295737922e+01
-2.410121065598294621e+01
-2.227826310657193432e+01
-2.046234348828162553e+01
-1.865417446254377509e+01
-1.685447674291566145e+01
-1.506397396476628003e+01
-1.328338586771567087e+01
-1.151343511319559099e+01
-9.754800535462017308e+00
-8.007980303412985279e+00
-6.273430706645234167e+00
-4.551607060818258610e+00
-2.842965655528795654e+00
-1.147961562952031667e+00
5.329494751549942455e-01
2.199311717035242975e+00
3.850669542673831103e+00
5.486567332055873436e+00
7.106549282553254798e+00
8.710161295928028125e+00
1.029694464774035723e+01
1.186644645717384527e+01
1.341820897372589450e+01
1.495177931658010984e+01
1.646669778735941847e+01
1.796251345312189684e+01
1.943876856336494896e+01
2.089500536758598415e+01
2.233077195890584221e+01
2.374561058682192893e+01
2.513906544870612336e+01
2.651068074193031521e+01
2.786000261174086390e+01
2.918657330763517166e+01
3.048994092273408185e+01
3.176964575866052343e+01
3.302523006491189506e+01
3.425624388248352403e+01
3.546223140874729296e+01
3.664273294532611658e+01
3.779729658534085246e+01
3.892546263041441534e+01
4.002678306941660935e+01
4.110079041247244191e+01
4.214703664845171005e+01
4.316506987047526422e+01
4.415442648441706552e+01
4.511465458339795020e+01
4.604529836478981508e+01
4.694590202596453565e+01
4.781600976429399452e+01
4.865516188140112064e+01
4.946291036615571102e+01
5.023879552018069461e+01
5.098236154084795402e+01
5.169315652127833260e+01
5.237072076309474511e+01
5.301459456792013469e+01
5.362443900559511434e+01
5.420031251235407410e+01
5.474240208414699538e+01
5.525087134243013764e+01
5.572589559590661423e+01
5.616765404902850634e+01
5.657632980199686301e+01
5.695207868477000090e+01
5.729509548479583714e+01
5.760553992778166332e+01
5.788359511392851431e+01
5.812943245619054977e+01
5.834323115901986512e+01
5.852515873962164505e+01
5.867539829819694575e+01
5.879411735195095901e+01
5.888149900108473389e+01
5.893771076280346932e+01
5.896293573730820015e+01
5.895734144180413949e+01
5.892110708074336145e+01
5.885440017133107915e+01
5.875740770951728109e+01
5.863029331675821254e+01
5.847324009325491545e+01
5.828641555621259585e+01
5.807000280583229568e+01
5.782417325506817463e+01
5.754910221262334602e+01
5.724495719570303010e+01
5.691192520025721535e+01
5.655017763924006147e+01
5.615988592560574233e+01
5.574122536805736416e+01
5.529437517104702238e+01
5.481950674752887664e+01
5.431679151045708664e+01
5.378641645578164798e+01
5.322854130920985938e+01
5.264335306669170222e+01
5.203102314118135041e+01
5.139172294563296362e+01
5.072562778874966227e+01
5.003291687498352758e+01
4.931376551303768707e+01
4.856834511586630043e+01
4.779683099217248099e+01
4.699939455491040263e+01
4.617621890428110021e+01
4.532747934898769415e+01
4.445340963396768785e+01
4.355452789383251400e+01
4.263141849092593105e+01
4.168465020459582604e+01
4.071481518868387184e+01
3.972249001403587698e+01
3.870825904299558573e+01
3.767269495065986007e+01
3.661638599512140502e+01
3.553990485147707545e+01
3.444383588207062274e+01
3.332876734499473059e+01
3.219526996747178771e+01
3.104392616397105442e+01
2.987532029683627499e+01
2.869002698903878468e+01
2.748863255079680812e+01
2.627171355295616451e+01
2.503985630573507493e+01
2.379363543210487819e+01
2.253363334653483818e+01
2.126043051561973485e+01
1.997460935382882496e+01
1.867674837988241521e+01
1.736743000824975880e+01
1.604723373158840261e+01
1.471674001649312657e+01
1.337653030349595085e+01
1.202718408525441340e+01
1.066928280230053794e+01
9.303406921229104398e+00
7.930136908634892734e+00
6.550053231112684671e+00
5.163736842225881141e+00
3.771768452053570808e+00
2.374728040221916192e+00
9.731968646497048958e-01
-4.322446689393599217e-01
-1.841016154821575102e+00
-3.252536700304617501e+00
-4.666225351825086243e+00
-6.081502251498975831e+00
-7.497786689247194936e+00
-8.914497224537724307e+00
-1.033105485168164250e+01
-1.174687715620968831e+01
-1.316138464546432196e+01
-1.457399685285076174e+01
-1.598413136389974731e+01
-1.739120965989097911e+01
-1.879467659659790257e+01
-2.019407052776896805e+01
-2.158896681676771934e+01
-2.297893108758531255e+01
-2.436353091208738419e+01
-2.574233581001404403e+01
-2.711491530110540182e+01
-2.848083500935261725e+01
-2.983966640237027690e+01
-3.119097705202401727e+01
-3.253433647805394457e+01
-3.386931030445122559e+01
-3.519546610308147905e+01
-3.651237728943377903e+01
-3.781961143537376557e+01
-3.911673221701810377e+01
-4.040331499773035517e+01
-4.167891955787822411e+01
-4.294312515657423290e+01
-4.419549546993503952e+01
-4.543559417407733036e+01
-4.666299663236465278e+01
-4.787726652091367896e+01
-4.907797530733900260e+01
-5.026469056350624953e+01
-5.143698375703002768e+01
-5.259441856402699500e+01
-5.373656255636279866e+01
-5.486299109740097890e+01
-5.597326786325820791e+01
-5.706696042580012573e+01
-5.814364414839028683e+01
-5.920287881139639552e+01
-6.024423977818200626e+01
-6.126729072486379835e+01
-6.227159922330740471e+01
-6.325673284537845120e+01
-6.422227474593840668e+01
-6.516777691385706817e+01
-6.609281471249799722e+01
-6.699695571372681968e+01
-6.787975580216229332e+01
-6.874080981991275507e+01
-6.957966586009905541e+01
-7.039590318183368822e+01
-7.118908546123334702e+01
-7.195877637441469687e+01
-7.270455518049024590e+01
-7.342598555557667339e+01
-7.412263117579064442e+01
-7.479415700672176115e+01
-7.544053967387627324e+01
-7.606187267522915363e+01
-7.665823392575960327e+01
-7.722970134044676627e+01
-7.777635283426981516e+01
-7.829828190520373710e+01
-7.879554309373396848e+01
-7.926823768933340375e+01
-7.971643581548330815e+01
-8.014021538716283999e+01
-8.053966211084906490e+01
-8.091485390152116963e+01
-8.126586088266040520e+01
-8.159278434373966604e+01
-8.189568661674229588e+01
-8.217464561664746725e+01
-8.242975484143016729e+01
-8.266108441457164702e+01
-8.286872004254898627e+01
-8.305273184884345028e+01
-8.321319774843418315e+01
-8.335021903079409356e+01
-8.346385023640863210e+01
-8.355418486325275751e+01
-8.362130861780357804e+01
-8.366528383204442321e+01
-8.368619621245235862e+01
-8.368413146550447834e+01
-8.365916750617995490e+01
-8.361138224945793240e+01
-8.354085361031759760e+01
-8.344766729523601612e+01
-8.333188563619653166e+01
-8.319360992267203869e+01
-8.303291806964173816e+01
-8.284987240908893114e+01
-8.264456643898863319e+01
-8.241707807431998845e+01
-8.216748523006218363e+01
-8.189587361269229859e+01
-8.160231334569157013e+01
-8.128688234403917079e+01
-8.094966631421218040e+01
-8.059074317118977149e+01
-8.021020641294693121e+01
-7.980811057996908175e+01
-7.938455696172913179e+01
-7.893960789021042501e+01
-7.847335686338794858e+01
-7.798594412822420452e+01
-7.747773588512126253e+01
-7.694919183245620786e+01
-7.640074050261445393e+01
-7.583282601097721454e+01
-7.524588468142785302e+01
-7.464036842084549050e+01
-7.401672134461139763e+01
-7.337536419361305207e+01
-7.271676445772543218e+01
-7.204134287783605828e+01
-7.134954356932615838e+01
-7.064181843907489622e+01
-6.991860381096559252e+01
-6.918034380037948949e+01
-6.842747473119989365e+01
-6.766043292731016834e+01
-6.687967029558943466e+01
-6.608561536842313444e+01
-6.527872784418831031e+01
-6.445944404676831141e+01
-6.362819250854854403e+01
-6.278542124065918983e+01
-6.193157825423046603e+01
-6.106709987314569332e+01
-6.019242242128819242e+01
-5.930799390978816632e+01
-5.841425455827790358e+01
-5.751164069064071782e+01
-5.660060421375577988e+01
-5.568157755575744972e+01
-5.475500093627800879e+01
-5.382132236644766010e+01
-5.288098206589868511e+01
-5.193441635851441873e+01
-5.098206935967608899e+01
-5.002438518476493812e+01
-4.906179626191534737e+01
-4.809475449800645919e+01
-4.712369621692160848e+01
-4.614906553404203038e+01
-4.517129877325105269e+01
-4.419084394567887841e+01
-4.320813347945986749e+01
-4.222361928147318366e+01
-4.123773377985319399e+01
-4.025092108998114071e+01
-3.926362532723825893e+01
-3.827628281550787648e+01
-3.728933767017124268e+01
-3.630321842361375673e+01
-3.531828738048854177e+01
-3.433489905395079234e+01
-3.335339237415988833e+01
-3.237412964576893870e+01
-3.139745564256075738e+01
-3.042371903406710132e+01
-2.945327238556869531e+01
-2.848646631447178379e+01
-2.752364949030812724e+01
-2.656517253048397720e+01
-2.561138410453109060e+01
-2.466263677773019225e+01
-2.371927921961304975e+01
-2.278166009971142003e+01
-2.185013198330603501e+01
-2.092504353992864807e+01
-2.000674538698551075e+01
-1.909558814188286746e+01
-1.819192047415247515e+01
-1.729609494907505862e+01
-1.640845828830790865e+01
-1.552936500500622152e+01
-1.465915987295280409e+01
-1.379819643136561957e+01
-1.294682334977643201e+01
-1.210539221952872246e+01
-1.127425268409149872e+01
-1.045375341299652128e+01
-9.644245997587274744e+00
-8.846079107395523167e+00
-8.059605307701987797e+00
-7.285171807132575950e+00
-6.523130683999389667e+00
-5.773831094802812203e+00
-5.037623656949087092e+00
-4.314857526938599364e+00
-3.605884052630520475e+00
-2.911052634009545503e+00
-2.230713158028988286e+00
-1.565216363837246494e+00
-9.149118949033244741e-01
-2.801498816648456125e-01
3.387195454405664274e-01
9.413461951042104703e-01
1.527380241243850412e+00
2.096471249066475195e+00
2.648269270747693582e+00
3.182424419334191956e+00
3.698586077419726781e+00
4.196469124877415524e+00
4.676042639199901707e+00
5.137341682127809506e+00
5.580400828433144333e+00
6.005253678950671414e+00
6.411934808452393497e+00
6.800478791710316884e+00
7.170919716527825116e+00
7.523291670708304402e+00
7.857629229023757489e+00
8.173966966246190680e+00
8.472338483210368310e+00
8.752778841656914111e+00
9.015321155451973212e+00
9.260001460273411311e+00
9.486852869987371761e+00
9.695909472397239881e+00
9.887207303180879592e+00
1.006077850226719583e+01
1.021665910533405430e+01
1.035488320018484032e+01
1.047548292674845527e+01
1.057849529464000682e+01
1.066395341772563832e+01
1.073189138380873509e+01
1.078234522856716104e+01
1.081534611799258094e+01
1.083093106170010067e+01
1.082913317355586358e+01
1.080998654136325499e+01
1.077352720080013881e+01
1.071978826573266019e+01
1.064880285002696603e+01
1.056060698936091669e+01
1.045523477153789926e+01
1.033272028436129908e+01
1.019309664169725949e+01
1.003639987922364440e+01
9.862664084743840931e+00
9.671922372123992417e+00
9.464210777041964562e+00
9.239562413363898941e+00
8.998011368893184425e+00
8.739593679307683161e+00
8.464341484536300086e+00
8.172288872382420521e+00
7.863473339429767783e+00
7.537926051670007510e+00
7.195683531749624606e+00
6.836777432628904805e+00
6.461293460784927944e+00
6.069511136205451685e+00
5.661760623614686239e+00
5.238369652893747563e+00
4.799668875735465967e+00
4.345987482926815026e+00
3.877654421770458715e+00
3.394999613506298530e+00
2.898352248921308050e+00
2.388041762286770009e+00
1.864397344389657318e+00
1.327748672985562539e+00
7.784250606036140496e-01
2.167557741196314280e-01
-3.569296761062556445e-01
-9.423019927626886671e-01
-1.539031695925076493e+00
-2.146789229579981306e+00
-2.765245707295818089e+00
-3.394071207832683346e+00
-4.032936540403604830e+00
-4.681512270737298920e+00
-5.339468721078173274e+00
-6.006477431092184460e+00
-6.682208236055120487e+00
-7.366331945180007779e+00
-8.058518880711252663e+00
-8.758440338830505212e+00
-9.465766154813548994e+00
-1.018016665090479478e+01
-1.090131458419174493e+01
-1.162887784207570974e+01
-1.236252820770695671e+01
-1.310193649029851315e+01
-1.384677349906340282e+01
-1.459670809534017799e+01
-1.535141303621634101e+01
-1.611055913090492098e+01
-1.687381524074446304e+01
-1.764085120101076143e+01
-1.841134074272855514e+01
-1.918495272723639289e+01
-1.996135601587282338e+01
-2.074022531359983645e+01
-2.152122948175597372e+01
-2.230403738167978389e+01
-2.308832177045877643e+01
-2.387375150943149649e+01
-2.465999740781097316e+01
-2.544673222268470880e+01
-2.623363065901469326e+01
-2.702039663988009721e+01
-2.780674187985800927e+01
-2.859237419777656086e+01
-2.937700530821283706e+01
-3.016034302999497285e+01
-3.094209907770005330e+01
-3.172198127015621338e+01
-3.249970521768949538e+01
-3.327497484337906997e+01
-3.404750186180203286e+01
-3.481699798753547270e+01
-3.558316714365855660e+01
-3.634572883624628759e+01
-3.710438698837784699e+01
-3.785885331463031633e+01
-3.860883563383183059e+01
-3.935404566055947129e+01
-4.009419510939034126e+01
-4.082899179915255417e+01
-4.155814354867425209e+01
-4.228136596828147731e+01
-4.299836298105339694e+01
-4.370884630156711381e+01
-4.441253154014866311e+01
-4.510912261987722616e+01
-4.579833125532987737e+01
-4.647986526533476592e+01
-4.715343636446896625e+01
-4.781875626730956697e+01
-4.847553668843367092e+01
-4.912347765517147735e+01
-4.976229867359799641e+01
-5.039170756254136307e+01
-5.101141214082969810e+01
-5.162112412304010434e+01
-5.222055522374965619e+01
-5.280940936603753499e+01
-5.338740216022978302e+01
-5.395424532090349601e+01
-5.450964277113783396e+01
-5.505330622550989261e+01
-5.558494739859676770e+01
-5.610427800497553363e+01
-5.661099807197641809e+01
-5.710483100142337776e+01
-5.758548461214454051e+01
-5.805265503572116614e+01
-5.850607346547513288e+01
-5.894542824148977900e+01
-5.937049341032553684e+01
-5.978121443149697001e+01
-6.017757961775722464e+01
-6.055960455210211535e+01
-6.092727754728478118e+01
-6.128059860330521502e+01
-6.161955992866550247e+01
-6.194416931486356503e+01
-6.225441897040147410e+01
-6.255031279102819752e+01
-6.283183908949686014e+01
-6.309900176155641560e+01
-6.335179691145791026e+01
-6.359023233069925851e+01
-6.381428854053566369e+01
-6.402398501971192957e+01
-6.421929839373429161e+01
-6.440024034984963919e+01
-6.456681088805795810e+01
-6.471899442536343372e+01
-6.485679875326395916e+01
-6.498022387175956283e+01
-6.508926198935229479e+01
-6.518390921029322271e+01
-6.526417332608025390e+01
-6.533005044096442759e+01
-6.538153665919679725e+01
-6.541862418927942713e+01
-6.544131303121234566e+01
-6.544961097649343174e+01
-6.544350244212688494e+01
-6.542300301110851990e+01
-6.538809710044250778e+01
-6.533878081437988783e+01
-6.527506194441859577e+01
-6.519693659480964243e+01
-6.510439307830617395e+01
-6.499744308215507260e+01
-6.487608271060734921e+01
-6.474030027641614993e+01
-6.459009967533043550e+01
-6.442547701160124518e+01
-6.424643618097753972e+01
-6.405297328771034415e+01
-6.384508833179966558e+01
-6.362276962599864305e+01
-6.338602496180518386e+01
-6.313484654772136651e+01
-6.286923438374719808e+01
-6.258918846988267859e+01
-6.229474776361738009e+01
-6.198611484389714832e+01
-6.166353124715738687e+01
-6.132724240558246009e+01
-6.097749375135675365e+01
-6.061451902941774961e+01
-6.023857146344774094e+01
-5.984990038138005275e+01
-5.944873563240322767e+01
-5.903532264870163004e+01
-5.860991465395755284e+01
-5.817275318460640676e+01
-5.772406808983672022e+01
-5.726411648907975405e+01
-5.679314771026882624e+01
-5.631138770684351158e+01
-5.581908970248611013e+01
-5.531649133788306472e+01
-5.480384973246562907e+01
-5.428139473542233873e+01
-5.374937567468651167e+01
-5.320803798244253358e+01
-5.265762319512580802e+01
-5.209837284917174571e+01
-5.153053237676472520e+01
-5.095434331434015007e+01
-5.037005109408239178e+01
-4.977790114817582889e+01
-4.917813501305586499e+01
-4.857099812090687152e+01
-4.795673200816426629e+01
-4.733558210701241364e+01
-4.670778995388672428e+01
-4.607359708522261599e+01
-4.543325282895341388e+01
-4.478699482576557500e+01
-4.413507240359242445e+01
-4.347772709886938003e+01
-4.281519655228288457e+01
-4.214773788326419890e+01
-4.147558094100184434e+01
-4.079897505342916020e+01
-4.011816565273051083e+01
-3.943339427534131403e+01
-3.874490245769698049e+01
-3.805293563198187456e+01
-3.735774312612932846e+01
-3.665955868507684556e+01
-3.595863163675774388e+01
-3.525520351760743409e+01
-3.454951975981029477e+01
-3.384182189980173661e+01
-3.313234757826821664e+01
-3.242134612314305286e+01
-3.170905127936374868e+01
-3.099571042698914880e+01
-3.028156510245467103e+01
-2.956685489432124569e+01
-2.885182133902428347e+01
-2.813670986874815583e+01
-2.742176007205379662e+01
-2.670721348537661655e+01
-2.599331164515202985e+01
-2.528029803568992406e+01
-2.456841224555123659e+01
-2.385789775904585852e+01
-2.314899611260919698e+01
-2.244194884267666978e+01
-2.173699748568368406e+01
-2.103438552594013444e+01
-2.033435255200695124e+01
-1.963714010031954871e+01
-1.894299360306229829e+01
-1.825215264879613386e+01
-1.756485877395646256e+01
-1.688135351497869863e+01
-1.620188035617273314e+01
-1.552667888609950175e+01
-1.485599161513165178e+01
-1.419006397545355824e+01
-1.352913165987719246e+01
-1.287344107452416608e+01
-1.222323180795541120e+01
-1.157874637054358047e+01
-1.094022727266132478e+01
-1.030791605074405659e+01
-9.682053267289948195e+00
-9.062882406608890662e+00
-8.450644031199056272e+00
-7.845581138401718668e+00
-7.247934290715047467e+00
-6.657946972448936407e+00
-6.075859746101555992e+00
-5.501914635076938787e+00
-4.936353662779118245e+00
-4.379418852612123381e+00
-3.831351984495678931e+00
-3.292394351380885542e+00
-2.762788220156085384e+00
-2.242775370741000973e+00
-1.732563616994123645e+00
-1.232225638981956362e+00
-7.417992985146873997e-01
-2.613232487265116921e-01
2.091642224748402057e-01
6.696247663105604486e-01
1.120019912259686334e+00
1.560311494156642276e+00
1.990461102351542833e+00
2.410430388065580409e+00
2.820180637293482118e+00
3.219673866482904767e+00
3.608871605112886183e+00
3.987735626146772461e+00
4.356226972094981775e+00
4.714308146373791253e+00
5.061940434977926451e+00
5.399085367386426526e+00
5.725704960046947178e+00
6.041759768501286487e+00
6.347212296165721135e+00
6.642024559487907709e+00
6.926157114009644289e+00
7.199572463147207557e+00
7.462232623348254990e+00
7.714097663185963683e+00
7.955131060013849620e+00
8.185292882405091675e+00
8.404544659838727227e+00
8.612850356636890581e+00
8.810169067435520418e+00
8.996462808682275991e+00
9.171694570762051413e+00
9.335825396185265745e+00
9.488816327462334499e+00
9.630629381040915149e+00
9.761226573368666948e+00
9.880568946956003629e+00
9.988618518250586220e+00
1.008533730370006865e+01
1.017068537187762800e+01
1.024462571316816373e+01
1.030712034401933153e+01
1.035812933300431027e+01
1.039761469657075388e+01
1.042554039904080199e+01
1.044186553505038972e+01
1.044655212104717634e+01
1.043956119954157913e+01
1.042085673485573416e+01
1.039043190942896189e+01
1.034841236116517038e+01
1.029495878970888434e+01
1.023022897289291500e+01
1.015438263642455041e+01
1.006758047994831884e+01
9.969979307359791321e+00
9.861740792240734521e+00
9.743022712423957898e+00
9.613984793616749513e+00
9.474784813651920601e+00
9.325584446111239600e+00
9.166542442764752607e+00
8.997816581445270856e+00
8.819567561797322597e+00
8.631954135590957478e+00
8.435135054596223370e+00
8.229271018457650300e+00
8.014519805008044173e+00
7.791040652986078285e+00
7.558994749004897429e+00
7.318538896960073536e+00
7.069833796496133971e+00
6.813038686351746698e+00
6.548312318296962253e+00
6.275813931070449492e+00
5.995703250379496474e+00
5.708139027994152848e+00
5.413280989621705785e+00
5.111287887032206712e+00
4.802319445932941910e+00
4.486534905062582013e+00
4.164093503159794984e+00
3.835153991994630918e+00
3.499876340758687032e+00
3.158419301222013420e+00
2.810942599091898142e+00
2.457604986138390846e+00
2.098565944584469545e+00
1.733984591426648958e+00
1.364020652372217368e+00
9.888329400623013798e-01
6.085808149777247600e-01
2.234235767282339857e-01
-1.664794902941940102e-01
-5.609691625686596961e-01
-9.598862470098024069e-01
-1.363071307047951430e+00
-1.770365164815515202e+00
-2.181608703315979891e+00
-2.596637692382323781e+00
-3.015269762266438835e+00
-3.437316943081088372e+00
-3.862591995391965849e+00
-4.290906949311835916e+00
-4.722075295859322175e+00
-5.155908821662877450e+00
-5.592220043803886043e+00
-6.030821479363731363e+00
-6.471526619361037902e+00
-6.914146033002708691e+00
-7.358494185244608410e+00
-7.804381645293640091e+00
-8.251622878105667525e+00
-8.700029426824833934e+00
-9.149413808532523618e+00
-9.599588053341500782e+00
-1.005036516530176804e+01
-1.050155814846332980e+01
-1.095297903293895025e+01
-1.140443984884139184e+01
-1.185575360022066072e+01
-1.230673329112675773e+01
-1.275719095167244710e+01
-1.320693861197049479e+01
-1.365578927607090343e+01
-1.410355497408643544e+01
-1.455004871006709699e+01
-1.499508251412565052e+01
-1.543847133818657724e+01
-1.588002429055092435e+01
-1.631955340133145782e+01
-1.675687459638989552e+01
-1.719179990583900164e+01
-1.762413843797982338e+01
-1.805370709261132589e+01
-1.848031497803454926e+01
-1.890377509829949432e+01
-1.932390240533065295e+01
-1.974050795530354208e+01
-2.015340280439368925e+01
-2.056239995665109888e+01
-2.096731631187472900e+01
-2.136795708261666960e+01
-2.176413722080140190e+01
-2.215567362622788750e+01
-2.254237345932269676e+01
-2.292405167201030380e+01
-2.330052321621520051e+01
-2.367159330448946619e+01
-2.403710415900029673e+01
-2.439697591689404632e+01
-2.475115403768529987e+01
-2.509958203301415836e+01
-2.544220925814417100e+01
-2.577898117258991562e+01
-2.610983739224254663e+01
-2.643473116811455625e+01
-2.675360406397157575e+01
-2.706640153932819004e+01
-2.737306905369898402e+01
-2.767355206659853906e+01
-2.796779993329039726e+01
-2.825575226966570597e+01
-2.853735843098801084e+01
-2.881256192889741641e+01
-2.908130822290850759e+01
-2.934354472041034256e+01
-2.959921688091750980e+01
-2.984826821607011738e+01
-3.009064223750826272e+01
-3.032629219624445582e+01
-3.055515576029535652e+01
-3.077718423279899085e+01
-3.099231722964650615e+01
-3.120050410610144098e+01
-3.140169226955286419e+01
-3.159582133589191955e+01
-3.178284260825662955e+01
-3.196269765041262190e+01
-3.213533386974895478e+01
-3.230069283003125946e+01
-3.245872778227203526e+01
-3.260937834236243305e+01
-3.275258996981703064e+01
-3.288831396777384697e+01
-3.301648800424955965e+01
-3.313706143450770725e+01
-3.324998361381183543e+01
-3.335519221017860758e+01
-3.345263657887156228e+01
-3.354226607515425229e+01
-3.362401836704334102e+01
-3.369784280980236701e+01
-3.376368875869487596e+01
-3.382148998598857759e+01
-3.387120753419389274e+01
-3.391277517557853116e+01
-3.394614616115498507e+01
-3.397126205468888571e+01
-3.398809169018856835e+01
-3.399670908688424475e+01
-3.399720384700194131e+01
-3.398968115576354165e+01
-3.397422671964612562e+01
-3.395094182812260186e+01
-3.391991997916797885e+01
-3.388125467075725084e+01
-3.383504719236332647e+01
-3.378138714621225347e+01
-3.372037192602798683e+01
-3.365209502978552081e+01
-3.357665774695777117e+01
-3.349414967977078561e+01
-3.340466822194850494e+01
-3.330830687146594471e+01
-3.320516302204705283e+01
-3.309533406741578432e+01
-3.297890960979818686e+01
-3.285599093866716203e+01
-3.272667155199772537e+01
-3.259104299989037656e+01
-3.244920851969252595e+01
-3.230125576575572666e+01
-3.214728407967842116e+01
-3.198739085518455028e+01
-3.182166569450016880e+01
-3.165020793922370856e+01
-3.147311108733016738e+01
-3.129047253254350025e+01
-3.110238772071318536e+01
-3.090895014981422051e+01
-3.071025721357056071e+01
-3.050640046208273048e+01
-3.029748118482364205e+01
-3.008358898401933246e+01
-2.986482709701720140e+01
-2.964128317816880198e+01
-2.941305072544913912e+01
-2.918023492408008224e+01
-2.894292342841319510e+01
-2.870121752792138636e+01
-2.845520682483070374e+01
-2.820498676499062185e+01
-2.795065863787405291e+01
-2.769231204570703753e+01
-2.743004633008801463e+01
-2.716395498899198202e+01
-2.689413346826841078e+01
-2.662067721376678620e+01
-2.634368751496002048e+01
-2.606329487943821377e+01
-2.577962786691698938e+01
-2.549282282860988502e+01
-2.520301416785596160e+01
-2.491033628799428357e+01
-2.461492164448942432e+01
-2.431690074493149112e+01
-2.401641383628297888e+01
-2.371359142613399129e+01
-2.340856596994910532e+01
-2.310147187106738187e+01
-2.279244548070236576e+01
-2.248161730644415002e+01
-2.216912175163180265e+01
-2.185509516747885783e+01
-2.153966806157541569e+01
-2.122297483726054423e+01
-2.090515184574777408e+01
-2.058632764675273208e+01
-2.026664053936343279e+01
-1.994622492691894422e+01
-1.962520936913487901e+01
-1.930373216509926237e+01
-1.898192577027667127e+01
-1.865992264013168977e+01
-1.833785912587785205e+01
-1.801586573510526534e+01
-1.769407881902746738e+01
-1.737263083310903511e+01
-1.705165618068903299e+01
-1.673128926510652192e+01
-1.641166254182607886e+01
-1.609291041418676471e+01
-1.577516436371591979e+01
-1.545856074162708538e+01
-1.514323492519656078e+01
-1.482931644807720595e+01
-1.451694068754532374e+01
-1.420624302087721169e+01
-1.389735590353745209e+01
-1.359041179099062369e+01
-1.328554703445026597e+01
-1.298289214150648263e+01
-1.268258443731004981e+01
-1.238475540338830960e+01
-1.208953846914308450e+01
-1.179706901185067025e+01
-1.150748046091289112e+01
-1.122090527179432407e+01
-1.093746518664991818e+01
-1.065722448533748334e+01
-1.038023770834243464e+01
-1.010655550040123174e+01
-9.836231428062047755e+00
-9.569318083935819175e+00
-9.305867086696245849e+00
-9.045932002891500900e+00
-8.789564451195284178e+00
-8.536817998155768805e+00
-8.287743288509414441e+00
-8.042394862741634398e+00
-7.800822878620269130e+00
-7.563082363599352043e+00
-7.329224449383961115e+00
-7.099302215553652040e+00
-6.873366793813502795e+00
-6.651472237680308375e+00
-6.433670165827765963e+00
-6.220013170866812047e+00
-6.010554332377003206e+00
-5.805345756000656721e+00
-5.604439547380088094e+00
-5.407888786094853906e+00
-5.215745577787272325e+00
-5.028063002036897267e+00
-4.844892677517427693e+00
-4.666287683808418407e+00
-4.492300126552186690e+00
-4.322983085328290009e+00
-4.158388665779042981e+00
-3.998568973546764216e+00
-3.843577088211008519e+00
-3.693465358898403661e+00
-3.548286378219885684e+00
-3.408092251817770979e+00
-3.272935815787306524e+00
-3.142869419255118313e+00
-3.017945654832143720e+00
-2.898216871645008297e+00
-2.783735905788959464e+00
-2.674554619422003565e+00
-2.570726092123696738e+00
-2.472302429536356261e+00
-2.379336467755228224e+00
-2.291880312422629018e+00
-2.209986799633805177e+00
-2.133708278515384027e+00
-2.063097098193991119e+00
-1.998205851280563827e+00
-1.939069112547106233e+00
-1.885648898441275589e+00
-1.837889085829641722e+00
-1.795733916805239527e+00
-1.759127146492484473e+00
-1.728013138726566034e+00
-1.702335648631899456e+00
-1.682038918301519637e+00
-1.667066702859841820e+00
-1.657363366142055483e+00
-1.652872663272576315e+00
-1.653538714602283743e+00
-1.659305640482058086e+00
-1.670117317778469168e+00
-1.685917866842397084e+00
-1.706651408024721928e+00
-1.732261696449858501e+00
-1.762692974210841923e+00
-1.797889239916397042e+00
-1.837794370433093905e+00
-1.882352729596122654e+00
-1.931507829045588487e+00
-1.985204154358835904e+00
-2.043385825886745000e+00
-2.105996355269420750e+00
-2.172980106342053741e+00
-2.244280834229058552e+00
-2.319843024507779905e+00
-2.399610432302632823e+00
-2.483527056222342821e+00
-2.571536894875634971e+00
-2.663584190355543502e+00
-2.759612697786483881e+00
-2.859566659261490784e+00
-2.963390073389290169e+00
-3.071026938778605775e+00
-3.182421254038163116e+00
-3.297517017776687709e+00
-3.416258472087213782e+00
-3.538588885125536709e+00
-3.664453472921931354e+00
-3.793795503632192645e+00
-3.926559219349356145e+00
-4.062688618682146036e+00
-4.202127213270667738e+00
-4.344820219145196560e+00
-4.490710660977216939e+00
-4.639743024344074485e+00
-4.791860820885872840e+00
-4.947008536179959393e+00
-5.105123351274379218e+00
-5.266117124848954667e+00
-5.429892950148346387e+00
-5.596355868291698954e+00
-5.765410920398152506e+00
-5.936961686680992223e+00
-6.110912721290739924e+00
-6.287168091409298221e+00
-6.465633325124430009e+00
-6.646211515680797710e+00
-6.828807704197544126e+00
-7.013326931793811170e+00
-7.199672291714263039e+00
-7.387749312046661743e+00
-7.577462546941529098e+00
-7.768715089643529303e+00
-7.961411981271804272e+00
-8.155458262945497694e+00
-8.350758001846509515e+00
-8.547215752125364219e+00
-8.744734120058106797e+00
-8.943220581606976083e+00
-9.142577743048015293e+00
-9.342710158531749798e+00
-9.543522382208701416e+00
-9.744918968229390188e+00
-9.946803496807101297e+00
-1.014908149602959675e+01
-1.035165752004740014e+01
-1.055443612301103329e+01
-1.075731893725929744e+01
-1.096021343875443854e+01
-1.116302418164697663e+01
-1.136565279827571651e+01
-1.156800676460289701e+01
-1.176998868690456490e+01
-1.197150311933124200e+01
-1.217245461603345014e+01
-1.237274773116171289e+01
-1.257228799280379228e+01
-1.277097703329849132e+01
-1.296872232860805063e+01
-1.316542648500851698e+01
-1.336099405665040862e+01
-1.355533057162149113e+01
-1.374833863619780772e+01
-1.393992475240435880e+01
-1.412999152651718937e+01
-1.431844351268681947e+01
-1.450518818687549327e+01
-1.469013399898268979e+01
-1.487322640852299571e+01
-1.505441964044614878e+01
-1.523366694576465008e+01
-1.541092060155376231e+01
-1.558613483276322675e+01
-1.575925996859382217e+01
-1.593025120793253180e+01
-1.609905985391737815e+01
-1.626564110543533559e+01
-1.642994529168719353e+01
-1.659192858549716476e+01
-1.675153936819155831e+01
-1.690873673440630753e+01
-1.706346614365600090e+01
-1.721568863845105213e+01
-1.736535162618052652e+01
-1.751240835785692695e+01
-1.765681403236722957e+01
-1.779851995284946042e+01
-1.793748131819059566e+01
-1.807364748365417739e+01
-1.820697559600166926e+01
-1.833741695837109020e+01
-1.846492092602598234e+01
-1.858944464572780575e+01
-1.871094136848906331e+01
-1.882936239744777041e+01
-1.894466098361643347e+01
-1.905678843013307500e+01
-1.916570188375915151e+01
-1.927135069975820514e+01
-1.937368812914273519e+01
-1.947266937079972848e+01
-1.956824572786720040e+01
-1.966037045135765382e+01
-1.974899484440911124e+01
-1.983407410590855235e+01
-1.991556343474295687e+01
-1.999341023830138653e+01
-2.006756971547082458e+01
-2.013799706513825072e+01
-2.020464164256720352e+01
-2.026746059451914661e+01
-2.032640132838314173e+01
-2.038142293879512934e+01
-2.043247478101864800e+01
-2.047951010606620059e+01
-2.052248411282476681e+01
-2.056134420868340840e+01
-2.059606312339942136e+01
-2.062665254421968086e+01
-2.065314948075928569e+01
-2.067557925538646657e+01
-2.069397303409289179e+01
-2.070836393074470649e+01
-2.071878116345909149e+01
-2.072525395035324181e+01
-2.072781540529329902e+01
-2.072649474639644751e+01
-2.072132313965435912e+01
-2.071232980318421468e+01
-2.069954590297768249e+01
-2.068300260502643440e+01
-2.066273107532212805e+01
-2.063876053198195137e+01
-2.061112214099757622e+01
-2.057984706836066380e+01
-2.054496453218840557e+01
-2.050650569847246274e+01
-2.046450173320450361e+01
-2.041898380237619293e+01
-2.036998112410471862e+01
-2.031752486438174898e+01
-2.026164229344998802e+01
-2.020237042092453805e+01
-2.013973456917363336e+01
-2.007376979993789590e+01
-2.000450143558555283e+01
-1.993196453785723321e+01
-1.985618832487011431e+01
-1.977720201474139472e+01
-1.969503677346273207e+01
-1.960972376702579467e+01
-1.952129416142225082e+01
-1.942977717476928490e+01
-1.933520397305856520e+01
-1.923760572228175647e+01
-1.913701164055604309e+01
-1.903345484174757729e+01
-1.892696259609905951e+01
-1.881756801747663843e+01
-1.870530032399750198e+01
-1.859019068165331490e+01
-1.847226830856126156e+01
-1.835156631858749066e+01
-1.822811392984919010e+01
-1.810194230833802109e+01
-1.797308067217117511e+01
-1.784156018734031690e+01
-1.770741786346054880e+01
-1.757071603251520386e+01
-1.743152092223657590e+01
-1.728989681248246768e+01
-1.714591577460861416e+01
-1.699964208847282521e+01
-1.685114392968187147e+01
-1.670048752596803965e+01
-1.654774105293810038e+01
-1.639297268619882431e+01
-1.623624670560802485e+01
-1.607763420858418613e+01
-1.591719850104788136e+01
-1.575500970648036159e+01
-1.559113210473943489e+01
-1.542563581930635053e+01
-1.525858805185063893e+01
-1.509005405616735196e+01
-1.492010103392602005e+01
-1.474879910860788890e+01
-1.457621158613353174e+01
-1.440240858998419782e+01
-1.422745634789217739e+01
-1.405142206152700091e+01
-1.387437195862095685e+01
-1.369637421478081762e+01
-1.351749700561335032e+01
-1.333780655885084521e+01
-1.315737007616283449e+01
-1.297625475921884686e+01
-1.279452780968841275e+01
-1.261225642924106083e+01
-1.242950684560908314e+01
-1.224634918227372715e+01
-1.206284771909280451e+01
-1.187907160561032605e+01
-1.169508609562134005e+01
-1.151096033866985735e+01
-1.132676056248816643e+01
-1.114255299480855932e+01
-1.095840775911228526e+01
-1.077439010919439433e+01
-1.059056627278717500e+01
-1.040700539943463987e+01
-1.022377371686907743e+01
-1.004093940069725832e+01
-9.858568678651471018e+00
-9.676728752401245970e+00
-9.495486823616115402e+00
-9.314911067902846398e+00
-9.135062843307531821e+00
-8.955990846692152729e+00
-8.777734035546288283e+00
-8.600337210982958780e+00
-8.423839330491748711e+00
-8.248285195185676599e+00
-8.073716197397425631e+00
-7.900173729459675442e+00
-7.727700157642348522e+00
-7.556336387309505298e+00
-7.386126245636926768e+00
-7.217109664051434947e+00
-7.049330469728810833e+00
-6.882830055001735836e+00
-6.717650299171510575e+00
-6.553832594570817349e+00
-6.391420281406816173e+00
-6.230454265043568363e+00
-6.070976911750996408e+00
-5.913030100830400926e+00
-5.756656198551702630e+00
-5.601896597247583820e+00
-5.448793663187965208e+00
-5.297389762642766620e+00
-5.147726287944671242e+00
-4.999845605363599788e+00
-4.853789107232233668e+00
-4.709599159820493597e+00
-4.567318129398301174e+00
-4.426987895266957906e+00
-4.288649849759144317e+00
-4.152346846113402101e+00
-4.018119546209482529e+00
-3.886011777223166153e+00
-3.756063957549895083e+00
-3.628319427396830221e+00
-3.502818848643722838e+00
-3.379605074529114184e+00
-3.258719740869995718e+00
-3.140204970451978550e+00
-3.024103129544983393e+00
-2.910455366997382498e+00
-2.799304536047716230e+00
-2.690692029028665999e+00
-2.584659968725843804e+00
-2.481250721409169469e+00
-2.380505922895635784e+00
-2.282467452486542925e+00
-2.187177676451812491e+00
-2.094678230608435943e+00
-2.005002837533333082e+00
-1.918147844961855419e+00
-1.834102052615748102e+00
-1.752853651505981381e+00
-1.674390832643525506e+00
-1.598702152265815579e+00
-1.525775679641667049e+00
-1.455599727524204967e+00
-1.388162608666554609e+00
-1.323452757563996274e+00
-1.261458121743190164e+00
-1.202167379183726403e+00
-1.145568599154420442e+00
-1.091650094408397109e+00
-1.040400299440937149e+00
-9.918072835208553428e-01
-9.458594202723547006e-01
-9.025450833196378975e-01
-8.618524636736750733e-01
-8.237699958297465264e-01
-7.882857490566674841e-01
-7.553882187207956456e-01
-7.250655349620237500e-01
-6.973061322756320957e-01
-6.720981408015133107e-01
-6.494300559060250944e-01
-6.292900077290602967e-01
-6.116663090237441924e-01
-5.965473942853567468e-01
-5.839213327827135203e-01
-5.737765590110944780e-01
-5.661013248525474939e-01
-5.608839430601978426e-01
-5.581126655160930650e-01
-5.577758049733585466e-01
-5.598616741851193401e-01
-5.643585250334234305e-01
-5.712546702713958702e-01
-5.805384226521619340e-01
-5.921980340577693847e-01
-6.062217563702658740e-01
-6.225980240849317005e-01
-6.413149673416596031e-01
-6.623610206357296581e-01
-6.857243141070348269e-01
-7.113932822508552967e-01
-7.393561160781610964e-01
-7.696011892131551235e-01
-8.021167535378850300e-01
-8.368911218054762013e-01
-8.739072501142359783e-01
-9.131264244588919166e-01
-9.545048785347408637e-01
-9.979986025527701754e-01
-1.043563891079354100e+00
-1.091156673454402704e+00
-1.140732879017825274e+00
-1.192248924078151306e+00
-1.245660737975290866e+00
-1.300924250049153352e+00
-1.357995754866113236e+00
-1.416831303508235385e+00
-1.477386825315429197e+00
-1.539618736596224391e+00
-1.603482844948375341e+00
-1.668935323196102161e+00
-1.735932222421469051e+00
-1.804429715448695681e+00
-1.874383731617691895e+00
-1.945750322010522115e+00
-2.018485781193561035e+00
-2.092546281991028323e+00
-2.167887632000678355e+00
-2.244465882304575555e+00
-2.322237449211250304e+00
-2.401158018576301956e+00
-2.481184250192569163e+00
-2.562271586431343007e+00
-2.644376687085462141e+00
-2.727454994526216314e+00
-2.811462925062135909e+00
-2.896356895001749088e+00
-2.982092346716346931e+00
-3.068625696514458046e+00
-3.155913360704612369e+00
-3.243911025142409699e+00
-3.332574619167759877e+00
-3.421860559089191511e+00
-3.511725017730924936e+00
-3.602123437464249900e+00
-3.693012478082005945e+00
-3.784348312408412074e+00
-3.876086626299068971e+00
-3.968183836062505243e+00
-4.060595871038630733e+00
-4.153278417083045682e+00
-4.246188620957208393e+00
-4.339281438063790297e+00
-4.432514015164249699e+00
-4.525841064176946205e+00
-4.619221679737819386e+00
-4.712619826169005322e+00
-4.806001902635737011e+00
-4.899334795271871990e+00
-4.992583929305403068e+00
-5.085716190870187781e+00
-5.178697979131458240e+00
-5.271495206285832680e+00
-5.364074758467163306e+00
-5.456402547872066577e+00
-5.548444973665777269e+00
-5.640168435013530157e+00
-5.731539818049181001e+00
-5.822524548000724387e+00
-5.913089024033395091e+00
-6.003200132281047985e+00
-6.092824271908918732e+00
-6.181927355113622902e+00
-6.270476268029013589e+00
-6.358436435883088045e+00
-6.445774744809699364e+00
-6.532457593974084098e+00
-6.618451382541476136e+00
-6.703721535739871840e+00
-6.788235913640364494e+00
-6.871959941470950461e+00
-6.954860505365484613e+00
-7.036902543583341441e+00
-7.118054403164236987e+00
-7.198281022367544857e+00
-7.277548800358500714e+00
-7.355825110239580411e+00
-7.433074890270157553e+00
-7.509265513552708882e+00
-7.584362405315228095e+00
-7.658332938660190159e+00
-7.731143512752830738e+00
-7.802759065852524323e+00
-7.873146971061746768e+00
-7.942274114514352057e+00
-8.010105434469716457e+00
-8.076608304030314045e+00
-8.141748635392760391e+00
-8.205492340753670177e+00
-8.267806793215518368e+00
-8.328657418006301327e+00
-8.388012075197110562e+00
-8.445834729110085703e+00
-8.502093239816318260e+00
-8.556754493449664878e+00
-8.609788297955697445e+00
-8.661192705459939134e+00
-8.710968689899626582e+00
-8.759117225212001756e+00
-8.805642207146023637e+00
-8.850541687827210069e+00
-8.893819563004520035e+00
-8.935477780552433913e+00
-8.975517314408190117e+00
-9.013939138509030613e+00
-9.050745200729432227e+00
-9.085937448943873562e+00
-9.119517831026834997e+00
-9.151488294852796912e+00
-9.181847866484517340e+00
-9.210601415608193676e+00
-9.237748942223829474e+00
-9.263292394205901559e+00
-9.287233719428888534e+00
-9.309572917892790400e+00
-9.330313885346566138e+00
-9.349456621790217525e+00
-9.367004049035459801e+00
-9.382956167082294741e+00
-9.397315897742441138e+00
-9.410084214953139181e+00
-9.421263066588865698e+00
-9.430854400524102843e+00
-9.438860164633325667e+00
-9.445280358916539498e+00
-9.450116931248219387e+00
-9.453372803440084127e+00
-9.455048949429375682e+00
-9.455147317090572656e+00
-9.453668880360911686e+00
-9.450614613177636514e+00
-9.445987437352462379e+00
-9.439789300759871438e+00
-9.432020203399861913e+00
-9.422683067084150821e+00
-9.411779839687222093e+00
-9.399311495146310591e+00
-9.385279007398658280e+00
-9.369684324318741986e+00
-9.352530367718284054e+00
-9.333816163660042520e+00
-9.313546581830216553e+00
-9.291719674354323999e+00
-9.268341284855805995e+00
-9.243409465460182162e+00
-9.216931033728126721e+00
-9.188926442341674772e+00
-9.159420039731813290e+00
-9.128435200392292614e+00
-9.095998220628580100e+00
-9.062132474934426085e+00
-9.026862311740819322e+00
-8.990212079478748564e+00
-8.952206126579202561e+00
-8.912868801473171843e+00
-8.872224452591645161e+00
-8.830297428365611268e+00
-8.787112077226058915e+00
-8.742692747603978631e+00
-8.697063787930357392e+00
-8.650249546636185727e+00
-8.602275346089692576e+00
-8.553163586847388089e+00
-8.502940565214739621e+00
-8.451628681748257321e+00
-8.399253258816170131e+00
-8.345839618786706993e+00
-8.291412110090854881e+00
-8.235993133285127499e+00
-8.179608010737750234e+00
-8.122281090879715393e+00
-8.064037696079248363e+00
-8.004900713861481165e+00
-7.944894492657401663e+00
-7.884045328772478989e+00
-7.822375622763223291e+00
-7.759910210029242528e+00
-7.696673925970145547e+00
-7.632691119016922876e+00
-7.567985650631942285e+00
-7.502581869246193413e+00
-7.436504610259285997e+00
-7.369777248164968597e+00
-7.302425105331470157e+00
-7.234472530189780315e+00
-7.165943871170887824e+00
-7.096862502768541248e+00
-7.027254721288210604e+00
-6.957142927286405154e+00
-6.886551469194113650e+00
-6.815506643316804336e+00
-6.744031337179608343e+00
-6.672149899213512647e+00
-6.599886677849507777e+00
-6.527266995455821785e+00
-6.454315687432064408e+00
-6.381063432801282076e+00
-6.307541397555138651e+00
-6.233782695559781928e+00
-6.159818979775496750e+00
-6.085681903162568851e+00
-6.011402631712664757e+00
-5.937014279291928709e+00
-5.862548011892028121e+00
-5.788034995504627744e+00
-5.713508830964493690e+00
-5.639000197294672390e+00
-5.564540747455448688e+00
-5.490163595312967715e+00
-5.415898932921656694e+00
-5.341780361116280851e+00
-5.267838558919885728e+00
-5.194105666261377152e+00
-5.120613336101040858e+00
-5.047394195336403655e+00
-4.974479896927749500e+00
-4.901901606866744920e+00
-4.829691465082296631e+00
-4.757882098471929666e+00
-4.686504673027308776e+00
-4.615590841708721470e+00
-4.545173231413691894e+00
-4.475283008133887463e+00
-4.405952311798213117e+00
-4.337212795366954587e+00
-4.269097085737636910e+00
-4.201636348901927498e+00
-4.134862724788730404e+00
-4.068807866358333136e+00
-4.003503913539639747e+00
-3.938982275808627698e+00
-3.875275336578511087e+00
-3.812415235778196632e+00
-3.750432895915039921e+00
-3.689360456917947229e+00
-3.629230302200133096e+00
-3.570073841237574541e+00
-3.511922726990556853e+00
-3.454809829840915114e+00
-3.398766315780316294e+00
-3.343823837769045237e+00
-3.290014779220318264e+00
-3.237370549610111059e+00
-3.185923288867329006e+00
-3.135704893436568330e+00
-3.086737763874338736e+00
-3.039005830216187309e+00
-2.992484257062505648e+00
-2.947147722045064366e+00
-2.902971146279945014e+00
-2.859928963914609046e+00
-2.817996096065138012e+00
-2.777147463847612130e+00
-2.737357988378113394e+00
-2.698601860319793211e+00
-2.660854731241662385e+00
-2.624090548322562721e+00
-2.588284719647194532e+00
-2.553411679363020159e+00
-2.519446348586120266e+00
-2.486363404948266354e+00
-2.454137769565539084e+00
-2.422744120069710849e+00
-2.392157377576861865e+00
-2.362352219718763635e+00
-2.333303567611497709e+00
-2.304985855402525541e+00
-2.277374004207927793e+00
-2.250443178628096064e+00
-2.224167812810491363e+00
-2.198522827871195684e+00
-2.173482901441979198e+00
-2.149022954638923899e+00
-2.125117908578110448e+00
-2.101741953922691142e+00
-2.078870498757366292e+00
-2.056477977229597354e+00
-2.034539310455465877e+00
-2.013029419551052968e+00
-1.991922738663820081e+00
-1.971194310652003123e+00
-1.950818934889528400e+00
-1.930771289008167413e+00
-1.911026050639691221e+00
-1.891558384384491198e+00
-1.872342724390028579e+00
-1.853353991772384468e+00
-1.834566985905485392e+00
-1.815956506163257433e+00
-1.797497351919626896e+00
-1.779164200806365281e+00
-1.760931973939553252e+00
-1.742775227208807731e+00
-1.724669003472364626e+00
-1.706587980361995216e+00
