# tt
8.984443566081273502e+02
8.500006871461722540e+02
8.021963568372550526e+02
7.653680031413147162e+02
7.392447935907729288e+02
7.219344538356319845e+02
7.111753301926678432e+02
7.055296108023574106e+02
7.039271801748542430e+02
7.051164744168318066e+02
7.091549012849391147e+02
7.149997090300124682e+02
7.215651368343890226e+02
7.291653378940626453e+02
7.382954151526407713e+02
7.487726112349936329e+02
7.602322840386279950e+02
7.722572455991017932e+02
7.845101552226211652e+02
7.970254824959690723e+02
8.099027092645434323e+02
8.231314884191111787e+02
8.366715534984397209e+02
8.504734752397466764e+02
8.645002284449326453e+02
8.787739409680807512e+02
8.933111307847739226e+02
9.080465363084632600e+02
9.229243704140666296e+02
9.380093960322661815e+02
9.533736066038103445e+02
9.689956845903997191e+02
9.848177235795186562e+02
1.000726404025469378e+03
1.016649483159569741e+03
1.032733939798516985e+03
1.049130181018091889e+03
1.065784040324778516e+03
1.082589865006828859e+03
1.099464504198477925e+03
1.116414191098059064e+03
1.133467349089971549e+03
1.150652775550514889e+03
1.167999143192021847e+03
1.185529016192458585e+03
1.203240773920258562e+03
1.221127310529322131e+03
1.239180896853715694e+03
1.257394053055439599e+03
1.275761418583927252e+03
1.294283118103145398e+03
1.312961769556394074e+03
1.331799367567139598e+03
1.350798156086782001e+03
1.369961127050521327e+03
1.389292893025124386e+03
1.408799188553057320e+03
1.428485124856953462e+03
1.448356311815312893e+03
1.468417112666968706e+03
1.488668275395721139e+03
1.509109675337602994e+03
1.529740689172781458e+03
1.550561316901256305e+03
1.571571059867161011e+03
1.592768796094795562e+03
1.614153652936393200e+03
1.635724508416253911e+03
1.657480115894711162e+03
1.679422843987131728e+03
1.701568400353314928e+03
1.723935609252227323e+03
1.746543793598701996e+03
1.769412026979638313e+03
1.792552152471869476e+03
1.815948836407495946e+03
1.839579888600451341e+03
1.863423118864669277e+03
1.887456212350117084e+03
1.911662588749228235e+03
1.936051348531569374e+03
1.960636828053306772e+03
1.985434360982339967e+03
2.010457909682935906e+03
2.035718569248127096e+03
2.061210480471480878e+03
2.086923171579796872e+03
2.112846295463842580e+03
2.138970128334217861e+03
2.165286193041189108e+03
2.191790998993690209e+03
2.218483548879988120e+03
2.245362097404548877e+03
2.272426145911506410e+03
2.299673699777393722e+03
2.327103263034610791e+03
2.354713838371424572e+03
2.382503929820235044e+03
2.410472290741375673e+03
2.438616926511379006e+03
2.466937587802312919e+03
2.495432030662776924e+03
2.524099257781037522e+03
2.552937773189494692e+03
2.581946330248482354e+03
2.611123432990400033e+03
2.640467834775581196e+03
2.669978288964358853e+03
2.699652800933267372e+03
2.729489874714705820e+03
2.759481531814808022e+03
2.789619544411774314e+03
2.819896183339671552e+03
2.850302722120832641e+03
2.880830683605524882e+03
2.911472089299881645e+03
2.942218960710036299e+03
2.973062072702455680e+03
3.003993696111207100e+03
3.035005852442423475e+03
3.066089565890505583e+03
3.097236857961585883e+03
3.128439750161798656e+03
3.159689266685544226e+03
3.190977429038955506e+03
3.222296258728165867e+03
3.253636779947576088e+03
3.284991512859186514e+03
3.316351232329463073e+03
3.347708458520406111e+03
3.379055212938149452e+03
3.410384015744693443e+03
3.441686639118237963e+03
3.472955852548715939e+03
3.504184176198128625e+03
3.535363631572608483e+03
3.566486489506222824e+03
3.597544771505105018e+03
3.628531496387121933e+03
3.659439184314273461e+03
3.690259108808893870e+03
3.720984787344715642e+03
3.751607493444072588e+03
3.782120495252765068e+03
3.812515315621059926e+03
3.842784973366823579e+03
3.872921240668256360e+03
3.902916887015292104e+03
3.932763684586130694e+03
3.962454652198638541e+03
3.991981562031015983e+03
4.021336684917330331e+03
4.050512042363714954e+03
4.079499905204235802e+03
4.108292793600894584e+03
4.136881981076023294e+03
4.165260237119555313e+03
4.193420081893492352e+03
4.221352788920166859e+03
4.249051127689512214e+03
4.276507119707662241e+03
4.303713285136616832e+03
4.330660648170776767e+03
4.357342227628008004e+03
4.383750543670311345e+03
4.409877119147952726e+03
4.435714474222932949e+03
4.461254131745518862e+03
4.486489110533577332e+03
4.511410933437375206e+03
4.536012120618912377e+03
4.560284693584322667e+03
4.584221172495605060e+03
4.607812581547161244e+03
4.631052936868591132e+03
4.653932763998426708e+03
4.676445580410403636e+03
4.698583906266519989e+03
4.720338765761177456e+03
4.741704175023975040e+03
4.762671158249314431e+03
4.783233232910927654e+03
4.803381921859081558e+03
4.823110243911643920e+03
4.842410220574746745e+03
4.861274372010391744e+03
4.879695218380578808e+03
4.897664781191440852e+03
4.915175081949110790e+03
4.932220136783190355e+03
4.948790471232211530e+03
4.964879602769909070e+03
4.980479552902415890e+03
4.995582343135864903e+03
5.010181490943989957e+03
5.024268020521191829e+03
5.037834950685336480e+03
5.050874801598424710e+03
5.063379594766589435e+03
5.075343346319430566e+03
5.086764560289348992e+03
5.097644233988077758e+03
5.107981868759749887e+03
5.117777464604365377e+03
5.127031520177791208e+03
5.135744534135894355e+03
5.143916506478673909e+03
5.151546938550262894e+03
5.158636827662396172e+03
5.165186173815073744e+03
5.171194977008293790e+03
5.176663735897924198e+03
5.181591951828097990e+03
5.185980622110549120e+03
5.189829746745276680e+03
5.193139325732280668e+03
5.195908860415695017e+03
5.198139846763119749e+03
5.199831786118687887e+03
5.200985177138266408e+03
5.201600019821854403e+03
5.201676314169453690e+03
5.201214558836928518e+03
5.200214255168414638e+03
5.198676899131510254e+03
5.196600994758615343e+03
5.193988536673197814e+03
5.190838028907657645e+03
5.187150967429593038e+03
5.182926853583139746e+03
5.178165687368295949e+03
5.172868466096795601e+03
5.167034691112771725e+03
5.160664362416225231e+03
5.153758477318888254e+03
5.146316038509028658e+03
5.138339040610111624e+03
5.129826486310405016e+03
5.120777876954041858e+03
5.111194708508622170e+03
5.101076980974145954e+03
5.090423697038880164e+03
5.079236851326290889e+03
5.067514947868778108e+03
5.055259482633941843e+03
5.042469956965916026e+03
5.029146370864699747e+03
5.015289222986160894e+03
5.000899011986164624e+03
4.985976735176445800e+03
4.970530371050869689e+03
4.954568895415036422e+03
4.938101782730413106e+03
4.921137510146731984e+03
4.903685552125461072e+03
4.885754884472197773e+03
4.867354482992544035e+03
4.848493323492099080e+03
4.829180880432329104e+03
4.809426129618834238e+03
4.789238046857214613e+03
4.768626106608935515e+03
4.747598287367864032e+03
4.726164562251334246e+03
4.704333907064945379e+03
4.682115796270163628e+03
4.659518707016722146e+03
4.636551615110221064e+03
4.613223995012126579e+03
4.589544822528038821e+03
4.565522574807690944e+03
4.541167723624282189e+03
4.516488247471679642e+03
4.491493620811350411e+03
4.466192819448892806e+03
4.440594819189907867e+03
4.414709094495861791e+03
4.388544122516487732e+03
4.362109377713251888e+03
4.335413835891753479e+03
4.308466971513460521e+03
4.281276763072239191e+03
4.253853682341288732e+03
4.226205707814475318e+03
4.198342812609133034e+03
4.170273723202927613e+03
4.142007166073526605e+03
4.113552615682395299e+03
4.084919297163067313e+03
4.056115936993209289e+03
4.027151261650487868e+03
3.998035244252235771e+03
3.968776112620252661e+03
3.939383839871872624e+03
3.909866903156827902e+03
3.880234527608652115e+03
3.850495689032945393e+03
3.820659861891173477e+03
3.790735523333069523e+03
3.760731898492167602e+03
3.730657963174066936e+03
3.700521695872634155e+03
3.670332571049335456e+03
3.640097569886304427e+03
3.609827164156740309e+03
3.579528335042777144e+03
3.549210058350014606e+03
3.518880811228185394e+03
3.488549569482889183e+03
3.458224560935926547e+03
3.427914512064963674e+03
3.397627650691800227e+03
3.367372703294102848e+03
3.337158147021604691e+03
3.306992708351972396e+03
3.276884365779072141e+03
3.246842344436437543e+03
3.216875121473801300e+03
3.186990675385030499e+03
3.157197981975724360e+03
3.127505518395616491e+03
3.097921761794439590e+03
3.068455438649860753e+03
3.039114527455746156e+03
3.009908253345629419e+03
2.980844844141309295e+03
2.951932776992520303e+03
2.923180529048994686e+03
2.894597325444265607e+03
2.866190646016333631e+03
2.837969715898731465e+03
2.809943012241191809e+03
2.782118762865515691e+03
2.754505694249368389e+03
2.727112532870417454e+03
2.699947506550461640e+03
2.673019341767168498e+03
2.646336515670270728e+03
2.619907505409501027e+03
2.593741037462526947e+03
2.567845339651147697e+03
2.542229387780962952e+03
2.516901409673772832e+03
2.491870131807243979e+03
2.467143782003175602e+03
2.442731086739235252e+03
2.418640772493088207e+03
2.394881067086535495e+03
2.371460447669309360e+03
2.348386892735276888e+03
2.325661898252038100e+03
2.303287708170992573e+03
2.281265319803873354e+03
2.259595979790347883e+03
2.238280934770082240e+03
2.217321930038609935e+03
2.196719713579730978e+03
2.176476030688978426e+03
2.156592128006019266e+03
2.137069252170520031e+03
2.117908649822147254e+03
2.099111567600567469e+03
2.080679875465281384e+03
2.062614321400087647e+03
2.044916401372587416e+03
2.027587611350380257e+03
2.010628948645199216e+03
1.994042158552578030e+03
1.977828238384249971e+03
1.961988559443847862e+03
1.946524493035005662e+03
1.931437410461356194e+03
1.916728558362566218e+03
1.902399183378302496e+03
1.888450781476165048e+03
1.874884723959786925e+03
1.861702008140901626e+03
1.848904379315042434e+03
1.836492834793942620e+03
1.824468870545202208e+03
1.812833483880554468e+03
1.801588669423466172e+03
1.790734925829803842e+03
1.780274247723033795e+03
1.770207757078856730e+03
1.760536700536938724e+03
1.751262324736946539e+03
1.742386125646480195e+03
1.733909349905206454e+03
1.725833368816758366e+03
1.718159304356835946e+03
1.710888777157006189e+03
1.704022909192968655e+03
1.697563196432323593e+03
1.691510760850770794e+03
1.685867098415910277e+03
1.680633455767408805e+03
1.675811204208899653e+03
1.671401465716082612e+03
1.667404738944824430e+03
1.663816037336458521e+03
1.660629875676452002e+03
1.657840519422337820e+03
1.655441984703716116e+03
1.653428661642087491e+03
1.651794940358951408e+03
1.650534836983908463e+03
1.649642492310525313e+03
1.649112421124268621e+03
1.648938764218705273e+03
1.649115662387401926e+03
1.649637630415825470e+03
1.650498559769609301e+03
1.651692840570253338e+03
1.653214738275291438e+03
1.655058518342256775e+03
1.657218446228682751e+03
1.659688538064169734e+03
1.662463308634184159e+03
1.665536774068326167e+03
1.668903324488096132e+03
1.672557225351027455e+03
1.676492617450686794e+03
1.680703766244607550e+03
1.685184937190323126e+03
1.689930395745367150e+03
1.694934282703306508e+03
1.700190988185640890e+03
1.705694528321970665e+03
1.711439293233795752e+03
1.717419673042616751e+03
1.723629683878033120e+03
1.730063591197578717e+03
1.736715535794820198e+03
1.743580032455224455e+03
1.750651221972357916e+03
1.757923245139787923e+03
1.765390367415047194e+03
1.773046978919636558e+03
1.780887095783155701e+03
1.788905108127104768e+03
1.797095156745050645e+03
1.805451756422460221e+03
1.813968549297033178e+03
1.822640548810103382e+03
1.831461397099370743e+03
1.840425608950301921e+03
1.849527449820430775e+03
1.858760935839356989e+03
1.868120332464614194e+03
1.877599655825802529e+03
1.887192672724588647e+03
1.896893149962639427e+03
1.906695103669555010e+03
1.916591926655102043e+03
1.926578009040780898e+03
1.936646618972391479e+03
1.946791897243500443e+03
1.957007610655774897e+03
1.967287526010881493e+03
1.977625534774453627e+03
1.988015403748158178e+03
1.998451024397628544e+03
2.008926163524531376e+03
2.019434837258467041e+03
2.029970563073168705e+03
2.040527481762203479e+03
2.051098861471371038e+03
2.061679092322171982e+03
2.072261941116272737e+03
2.082840925327407149e+03
2.093410185749141419e+03
2.103962990527276361e+03
2.114494103775211443e+03
2.124996294982880499e+03
2.135464078935750422e+03
2.145891222435487634e+03
2.156271492283758562e+03
2.166598405954297959e+03
2.176866228904637865e+03
2.187068478608512578e+03
2.197199171195522013e+03
2.207251824139399559e+03
2.217220702897678621e+03
2.227099075616159553e+03
2.236881457080308792e+03
2.246561115435926240e+03
2.256132066812613175e+03
2.265588078012035112e+03
2.274923165163792873e+03
2.284130845741619396e+03
2.293205385203048536e+03
2.302140301021814139e+03
2.310929110671648687e+03
2.319566079610086035e+03
2.328044974638793065e+03
2.336359562559436654e+03
2.344503610173683683e+03
2.352471133611133610e+03
2.360256647657253779e+03
2.367858157688577194e+03
2.375275414377171273e+03
2.382506672427501599e+03
2.389551433183702557e+03
2.396408699334040193e+03
2.403077722894714498e+03
2.409557257226059392e+03
2.415846554344274409e+03
2.421944616937626051e+03
2.427850447694381728e+03
2.433563547958674462e+03
2.439082421762903778e+03
2.444406321123270118e+03
2.449534498055973927e+03
2.454465955249280796e+03
2.459199695391458590e+03
2.463734721170773355e+03
2.468070035275491591e+03
2.472204889721813743e+03
2.476138287198006310e+03
2.479869729048202771e+03
2.483397469976870070e+03
2.486721260656073810e+03
2.489839605118215331e+03
2.492752254035360693e+03
2.495457711439909417e+03
2.497955229348062403e+03
2.500243810448086151e+03
2.502322956084113684e+03
2.504190920960611948e+03
2.505847705077580940e+03
2.507291563139487153e+03
2.508522245818397096e+03
2.509538007818778169e+03
2.510338849140629463e+03
2.510923273816351866e+03
2.511290284534211878e+03
2.511439382638342067e+03
2.511369321489076810e+03
2.511079353102615642e+03
2.510568230839292028e+03
2.509835456043238992e+03
2.508879782074790455e+03
2.507700460950145953e+03
2.506296246029638951e+03
2.504666638657402927e+03
2.502810641521704383e+03
2.500727007982877240e+03
2.498415239385054065e+03
2.495874587744435303e+03
2.493109042307954041e+03
2.490121844338743358e+03
2.486917232411670284e+03
2.483499195773667907e+03
2.479871723671669770e+03
2.476038805352608506e+03
2.472003931407551136e+03
2.467771589739297269e+03
2.463345769594780450e+03
2.458730210893000731e+03
2.453928653552957712e+03
2.448945585477451459e+03
2.443784497257548537e+03
2.438449627468115523e+03
2.432944716028152470e+03
2.427274001512525956e+03
2.421441223840235580e+03
2.415450372258215339e+03
2.409305436013397411e+03
2.403010404352715796e+03
2.396569266523103579e+03
2.389985762443560816e+03
2.383264130688954083e+03
2.376408111178282979e+03
2.369421942486414537e+03
2.362309364532348354e+03
2.355074366563017975e+03
2.347720688497422998e+03
2.340252818238363488e+03
2.332674246376906012e+03
2.324989211487917146e+03
2.317201453490397398e+03
2.309315210959212436e+03
2.301333974485429280e+03
2.293261982643914507e+03
2.285103474009534693e+03
2.276862188501289438e+03
2.268541616710246217e+03
2.260146495867137673e+03
2.251680565890963408e+03
2.243147317372790894e+03
2.234550988887485801e+03
2.225895819009915158e+03
2.217185547659079020e+03
2.208423914753977442e+03
2.199615158869476545e+03
2.190763269252509872e+03
2.181871985822077022e+03
2.172945547153045027e+03
2.163987443836480452e+03
2.155002662431049430e+03
2.145994194871952004e+03
2.136967277045788705e+03
2.127925399543625645e+03
2.118873050268262432e+03
2.109814218466633065e+03
2.100753142713603665e+03
2.091693812256107321e+03
2.082640714996944098e+03
2.073597590855114504e+03
2.064568927733417695e+03
2.055558465550853725e+03
2.046570816874189632e+03
2.037609846286391530e+03
2.028679917026292969e+03
2.019785143004793781e+03
2.010929388804860309e+03
2.002117142329292847e+03
1.993352392825024481e+03
1.984639378866921788e+03
1.975982214365884602e+03
1.967385013232812980e+03
1.958852014042573501e+03
1.950387330706066223e+03
1.941995077134190751e+03
1.933679367237847373e+03
1.925444564255868954e+03
1.917294532771222293e+03
1.909233511358773967e+03
1.901265987921323813e+03
1.893395577713905368e+03
1.885626768639318243e+03
1.877963674608462270e+03
1.870410409532237736e+03
1.862971087321544474e+03
1.855650071215215576e+03
1.848451101132251097e+03
1.841378540311484130e+03
1.834436751991747997e+03
1.827629600756009495e+03
1.820961574507068235e+03
1.814436413163924499e+03
1.808058604629377669e+03
1.801831888822428255e+03
1.795761002973809127e+03
1.789849687002520341e+03
1.784101930155495211e+03
1.778522469663466836e+03
1.773114920781468527e+03
1.767882898764533820e+03
1.762827525588362278e+03
1.757948427261054121e+03
1.753245853110542384e+03
1.748719803136827750e+03
1.744370526667842796e+03
1.740197899039621461e+03
1.736202044916129807e+03
1.732383213625301778e+03
1.728741155839203657e+03
1.725276245549735449e+03
1.721988482756897383e+03
1.718877742796722487e+03
1.715944399661110992e+03
1.713188453350062900e+03
1.710609903863578211e+03
1.708208875865623213e+03
1.705985244692231845e+03
1.703939384335303657e+03
1.702071170130872133e+03
1.700380851406870534e+03
1.698868428163299086e+03
1.697533900400157563e+03
1.696377392781412482e+03
1.695398905307064297e+03
1.694598687305046042e+03
1.693976863439324461e+03
1.693533184381966066e+03
1.693268024124871090e+03
1.693181258004072788e+03
1.693273135347504422e+03
1.693543531491199246e+03
1.693992820427057495e+03
1.694620752827145679e+03
1.695427578019397060e+03
1.696413420667778610e+03
1.697578156108323356e+03
1.698922158332931303e+03
1.700445302677635937e+03
1.702147589142437255e+03
1.704029267055268519e+03
1.706090211752163214e+03
1.708330797225020888e+03
1.710750898809875480e+03
1.713350516506726535e+03
1.716130024307474287e+03
1.719089297548151990e+03
1.722228336228759417e+03
1.725547265013263768e+03
1.729046333229597849e+03
1.732724668229995359e+03
1.736579652071156033e+03
1.740607544834080272e+03
1.744804481935801277e+03
1.749167097449219227e+03
1.753691776119300812e+03
1.758374902691012721e+03
1.763212737245354901e+03
1.768201664527294497e+03
1.773338193945764488e+03
1.778618710245731791e+03
1.784039473508196352e+03
1.789596868478125089e+03
1.795287404564451435e+03
1.801107591176108599e+03
1.807053439066163264e+03
1.813121457643549093e+03
1.819308280981166035e+03
1.825609919832080777e+03
1.832022883605226752e+03
1.838543806373504140e+03
1.845168698889979396e+03
1.851894444555486189e+03
1.858716680131191197e+03
1.865632538345861121e+03
1.872637905288595903e+03
1.879729415032295719e+03
1.886903452321927489e+03
1.894156277238490929e+03
1.901484399190919703e+03
1.908883828932280494e+03
1.916351574527373259e+03
1.923883522065298166e+03
1.931476305618955394e+03
1.939126185269344887e+03
1.946829670425399854e+03
1.954583145832087212e+03
1.962382622242473872e+03
1.970225107721359564e+03
1.978106488357844682e+03
1.986023273560862435e+03
1.993972097403312773e+03
2.001948845974296091e+03
2.009950278010678858e+03
2.017972902921394507e+03
2.026012606795543206e+03
2.034066397697924913e+03
2.042129912389706533e+03
2.050200283599654540e+03
2.058273397416869557e+03
2.066345763250284108e+03
2.074414015172799282e+03
2.082474288601447370e+03
2.090523342273095750e+03
2.098557062276844590e+03
2.106572456677493847e+03
2.114565660892076721e+03
2.122532935001593614e+03
2.130471037742910994e+03
2.138376478524962295e+03
2.146245268100813973e+03
2.154073915879399920e+03
2.161858931269653567e+03
2.169597322336374873e+03
2.177284351848829829e+03
2.184917526527686277e+03
2.192492607798077188e+03
2.200006105068935994e+03
2.207454777077129165e+03
2.214834883903656646e+03
2.222142436301585803e+03
2.229374691663649628e+03
2.236527411414981998e+03
2.243597354292448927e+03
2.250580531049117326e+03
2.257473949749787607e+03
2.264273621147526683e+03
2.270976054651267077e+03
2.277577759669942679e+03
2.284075245612487379e+03
2.290464772559900211e+03
2.296742849921115521e+03
2.302905987105066288e+03
2.308950194864818968e+03
2.314872231937240940e+03
2.320668607731265183e+03
2.326335582327892098e+03
2.331869665136054664e+03
2.337267365564686315e+03
2.342524694366853964e+03
2.347638659607358022e+03
2.352605272039264491e+03
2.357421041071507261e+03
2.362082476113019311e+03
2.366586086572734530e+03
2.370928132531652864e+03
2.375104874070774258e+03
2.379113319254898670e+03
2.382949229509159977e+03
2.386609612898357682e+03
2.390091228159359162e+03
2.393392828652496974e+03
2.396514663705704606e+03
2.399456483991049481e+03
2.402218040180597654e+03
2.404798584290549115e+03
2.407198614976770386e+03
2.409417633583395400e+03
2.411454892126623690e+03
2.413310390606455258e+03
2.414984378350824045e+03
2.416476107375929132e+03
2.417785577681770974e+03
2.418912290612483503e+03
2.419855996840132320e+03
2.420616945692651370e+03
2.421194139858307153e+03
2.421587828665033157e+03
2.421797762784895895e+03
2.421823443562028388e+03
2.421664621668498057e+03
2.421321297104304449e+03
2.420792971213581041e+03
2.420079643996327832e+03
2.419181066124611789e+03
2.418096489614631992e+03
2.416826163794322383e+03
2.415369590007816441e+03
2.413727017583047655e+03
2.411897449208282069e+03
2.409881134211453173e+03
2.407677573936694898e+03
2.405287017711939825e+03
2.402708218897521419e+03
2.399941925477240147e+03
2.396987389467295998e+03
2.393844610867688516e+03
2.390513091022551180e+03
2.386992580603950501e+03
2.383283079611886933e+03
2.379383840062560466e+03
2.375295360611837168e+03
2.371016643947984448e+03
2.366548188726868830e+03
2.361888997636756358e+03
2.357039320005580976e+03
2.351998657177475707e+03
2.346767009152441005e+03
2.341343877274609440e+03
2.335729261543981920e+03
2.329922912632624502e+03
2.323928071803670719e+03
2.317747232336453635e+03
2.311383884822039818e+03
2.304840771867696276e+03
2.298121134736556087e+03
2.291227466707952772e+03
2.284163757028818964e+03
2.276932498978488184e+03
2.269536684492160930e+03
2.261979554832969825e+03
2.254264101936114912e+03
2.246393816392662757e+03
2.238370692826080358e+03
2.230198969811234292e+03
2.221880891299524137e+03
2.213419698554083425e+03
2.204818882165978721e+03
2.196080686086609603e+03
2.187209099562910069e+03
2.178206366546279241e+03
2.169075977627784596e+03
2.159820924742625266e+03
2.150444199826001750e+03
2.140949044141047125e+03
2.131337950967094457e+03
2.121614660223144256e+03
2.111781914516462621e+03
2.101842705782249595e+03
2.091800275283638712e+03
2.081657365627896070e+03
2.071417467406088690e+03
2.061083447889449872e+03
2.050658174349212914e+03
2.040144888048510666e+03
2.029546705586509916e+03
2.018866369570477673e+03
2.008107495255446793e+03
1.997272575920750569e+03
1.986364728165555789e+03
1.975387317916962502e+03
1.964343212446203552e+03
1.953235528352445954e+03
1.942067132906922780e+03
1.930841516700700595e+03
1.919561297677079665e+03
1.908229343107292834e+03
1.896849517574306901e+03
1.885424189693488643e+03
1.873956725391937653e+03
1.862449991940887685e+03
1.850907355267438106e+03
1.839331557978855926e+03
1.827726090666207710e+03
1.816093945264693275e+03
1.804438113709512436e+03
1.792762086591732213e+03
1.781068606518618935e+03
1.769361039417272650e+03
1.757642377222893174e+03
1.745915861198613811e+03
1.734184607943601122e+03
1.722451609393055378e+03
1.710719982146142684e+03
1.698993092129963316e+03
1.687273931279717317e+03
1.675565616194570794e+03
1.663871138809724243e+03
1.652193865052277260e+03
1.640536786857430116e+03
1.628903145488315658e+03
1.617295932880133932e+03
1.605718265632051953e+03
1.594173385007202342e+03
1.582664407604752341e+03
1.571194325359901541e+03
1.559766504199749761e+03
1.548383686731564012e+03
1.537049488210377376e+03
1.525766775907422925e+03
1.514538541757900930e+03
1.503368151688911212e+03
1.492258472971686842e+03
1.481212996197294615e+03
1.470234588636967828e+03
1.459326366889873270e+03
1.448491696883110308e+03
1.437733445887912922e+03
1.427054855167413734e+03
1.416458916656813244e+03
1.405948996283210818e+03
1.395528085981806953e+03
1.385199302351767983e+03
1.374965761992260695e+03
1.364830581502451196e+03
1.354797002145473471e+03
1.344868140520493625e+03
1.335046988562711704e+03
1.325336787535261237e+03
1.315740529373341815e+03
1.306261081348186735e+03
1.296899440771529498e+03
1.287656355627170115e+03
1.278532449234941851e+03
1.269528469578644717e+03
1.260644915314145010e+03
1.251882783753176682e+03
1.243242448887639284e+03
1.234724658701332828e+03
1.226330161178057551e+03
1.218059704301613010e+03
1.209913662063899665e+03
1.201893031776650560e+03
1.193998436759699189e+03
1.186230375668912075e+03
1.178589845816022489e+03
1.171077096528963921e+03
1.163693125119469414e+03
1.156438554907372691e+03
1.149314009212506789e+03
1.142320236018671721e+03
1.135457858645700753e+03
1.128727375749460634e+03
1.122129909305651609e+03
1.115665583978239738e+03
1.109335521742925721e+03
1.103140345919542142e+03
1.097080679827922950e+03
1.091157022123934439e+03
1.085370120791376621e+03
1.079720848478016251e+03
1.074209703839719850e+03
1.068837434860287658e+03
1.063604664859552713e+03
1.058512141821315254e+03
1.053560489065408547e+03
1.048750454575632375e+03
1.044082599339836861e+03
1.039557733673805387e+03
1.035176480897370993e+03
1.030939401998384028e+03
1.026847369624611247e+03
1.022901007095885348e+03
1.019100875400056907e+03
1.015447784852908967e+03
1.011942421106258280e+03
1.008585345147954740e+03
1.005377242629815100e+03
1.002319048531589374e+03
9.994110745131940803e+02
9.966537568985125972e+02
9.940456620519283888e+02
9.915851070098913169e+02
9.892700971489349513e+02
9.870988248415424096e+02
9.850695447921806363e+02
9.831804493733328627e+02
9.814297932894658061e+02
9.798155195851294366e+02
9.783360076287573293e+02
9.769894497928326018e+02
9.757738514538888239e+02
9.746875919803593433e+02
9.737286767487773886e+02
9.728954851275763076e+02
9.721860848252730420e+02
9.715986058823674512e+02
9.711314276672928827e+02
9.707824932245994205e+02
9.705500572587537818e+02
9.704324368062060557e+02
9.704276995754728432e+02
9.705340379390374892e+02
9.707496442693834524e+02
9.710726486070107057e+02
9.715014303203525969e+02
9.720338701219759514e+02
9.726683473803140032e+02
9.734030544678500974e+02
9.742361214250844341e+02
9.751657406245002448e+02
9.761900421065977298e+02
9.773072805758433788e+02
9.785155860727372783e+02
9.798132133017461456e+02
9.811982923033700672e+02
9.826690154500925019e+02
9.842235751143965672e+02
9.858601013367823498e+02
9.875769111537000526e+02
9.893720099416830180e+02
9.912437770691644801e+02
9.931901555806945225e+02
9.952095248447064932e+02
9.972999525697171066e+02
9.994597557921764519e+02
1.001686939888617871e+03
1.003979821895491455e+03
1.006336531853297060e+03
1.008755262134518262e+03
1.011234142779654917e+03
1.013770805173340591e+03
1.016363130028141768e+03
1.019008499400758637e+03
1.021704794003757911e+03
1.024449458225823037e+03
1.027240310447537013e+03
1.030074982053533631e+03
1.032951104428446342e+03
1.035866308956908142e+03
1.038818289355535853e+03
1.041804677008962926e+03
1.044823103301822812e+03
1.047871199618748960e+03
1.050946909004291001e+03
1.054047426519199234e+03
1.057170757540007116e+03
1.060314408787381353e+03
1.063476011645955168e+03
1.066653446828295500e+03
1.069843971727135340e+03
1.073045716382975115e+03
1.076255938188548043e+03
1.079472393192454319e+03
1.082692837443293683e+03
1.085915026989666330e+03
1.089136219224305705e+03
1.092354544187711781e+03
1.095567259272618003e+03
1.098772369855557827e+03
1.101967133329264243e+03
1.105149555070271163e+03
1.108317266463211354e+03
1.111467649564785461e+03
1.114598709751526485e+03
1.117707704416168099e+03
1.120792638935243303e+03
1.123851020029419260e+03
1.126880479083328737e+03
1.129878647481605640e+03
1.132843405936816680e+03
1.135772136505661592e+03
1.138662719900707089e+03
1.141512662842620102e+03
1.144319596716034084e+03
1.147081277569548774e+03
1.149795336787797623e+03
1.152459405755414082e+03
1.155071115857031600e+03
1.157628223141250146e+03
1.160128483656669914e+03
1.162571149419490666e+03
1.164955347781945648e+03
1.167280330760235302e+03
1.169545599698492651e+03
1.171750157284984425e+03
1.173893380199877583e+03
1.175974769787304922e+03
1.177993328735533623e+03
1.179948558388696938e+03
1.181839461435061367e+03
1.183665663882726903e+03
1.185426168419960504e+03
1.187120601054861936e+03
1.188747839811731410e+03
1.190307510698668693e+03
1.191798741067907258e+03
1.193220782935647094e+03
1.194573012982054934e+03
1.195854807887297511e+03
1.197065045675674810e+03
1.198203601683220086e+03
1.199269229270266578e+03
1.200261554444914736e+03
1.201179704559397351e+03
1.202023180957848126e+03
1.202790861664567046e+03
1.203482497351620623e+03
1.204097090707275811e+03
1.204634018411699117e+03
1.205092532481090529e+03
1.205471884931650038e+03
1.205771577107510893e+03
1.205990487032973533e+03
1.206128365380104242e+03
1.206184214837169975e+03
1.206157287420370494e+03
1.206047084473839050e+03
1.205852733349809569e+03
1.205573486064481358e+03
1.205208968625954867e+03
1.204757934394563335e+03
1.204220134042373502e+03
1.203594570257651867e+03
1.202880619720565392e+03
1.202077659111280582e+03
1.201184940445997199e+03
1.200201591076949171e+03
1.199126987684302776e+03
1.197960631612191264e+03
1.196701774876815080e+03
1.195351290125940295e+03
1.193910673327167615e+03
1.192380672464296367e+03
1.190762658840960057e+03
1.189057754432858928e+03
1.187267081215692542e+03
1.185391636501194398e+03
1.183432791592998001e+03
1.181391419138869651e+03
1.179269139770376341e+03
1.177066576807351112e+03
1.174785101553427467e+03
1.172425835984305195e+03
1.169989902075684313e+03
1.167478546467231581e+03
1.164892766470680272e+03
1.162233808725696917e+03
1.159502795207981535e+03
1.156700972557201112e+03
1.153829213421121722e+03
1.150889013767343613e+03
1.147881121579667024e+03
1.144806908161724778e+03
1.141667620153183861e+03
1.138464130201810804e+03
1.135197809611238881e+03
1.131869655693201594e+03
1.128480915087365474e+03
1.125032709769430312e+03
1.121526161715096123e+03
1.117962392900063378e+03
1.114342649963998156e+03
1.110667930218633956e+03
1.106939480303637310e+03
1.103158297530741947e+03
1.099325753203580689e+03
1.095442969297853779e+03
1.091510818461327744e+03
1.087530796661602608e+03
1.083503776546445124e+03
1.079431004755521599e+03
1.075313478600565759e+03
1.071152694049177398e+03
1.066949523749123273e+03
1.062705214340069688e+03
1.058420763133750370e+03
1.054097541433798369e+03
1.049736546551947185e+03
1.045338838131913235e+03
1.040905912141296540e+03
1.036439015219764087e+03
1.031939954994832078e+03
1.027410102770133790e+03
1.022851390837152962e+03
1.018265065835556015e+03
1.013653060056826121e+03
1.009016744804596669e+03
1.004357865374400944e+03
9.996779800658223394e+02
9.949786471784441346e+02
9.902614250118496102e+02
9.855281211935553074e+02
9.807802940231446200e+02
9.760193771362341977e+02
9.712470534963740647e+02
9.664649437351306460e+02
9.616746684840708213e+02
9.568778483747611290e+02
9.520760417067847357e+02
9.472709314436918930e+02
9.424640758850656539e+02
9.376570333304894120e+02
9.328514244115298197e+02
9.280489320917369014e+02
9.232510523387105650e+02
9.184594681160007212e+02
9.136758000551740224e+02
9.089015441238304902e+02
9.041383832855201490e+02
8.993880005037929095e+02
8.946518294142653076e+02
8.899315529804874814e+02
8.852287918340259694e+02
8.805451666064474239e+02
8.758822979293184972e+02
8.712417441022224693e+02
8.666250010927593621e+02
8.620339388604290889e+02
8.574699287088649271e+02
8.529347159336002733e+02
8.484297965022350354e+02
8.439568533783192379e+02
8.395174448614361609e+02
8.351132539151357150e+02
8.307457765070178084e+02
8.264166956006326927e+02
8.221275694955633071e+02
8.178800811553599033e+02
8.136757265476223893e+02
8.095160016399506731e+02
8.054016544161447655e+02
8.013331835320713026e+02
7.973111499755802924e+02
7.933360524025384848e+02
7.894085141327790325e+02
7.855290961541520574e+02
7.816982971225240817e+02
7.779166156937619689e+02
7.741846751876988719e+02
7.705030365921847988e+02
7.668722608950697577e+02
7.632927220882537540e+02
7.597651681555367986e+02
7.562900977527855275e+02
7.528680718678499488e+02
7.494995268246133264e+02
7.461851482748924127e+02
7.429253725425703578e+02
7.397207606154972837e+02
7.365719981454899425e+02
7.334794591244481126e+02
7.304438292041885461e+02
7.274655447085946207e+02
7.245452289574996030e+02
7.216833806067701289e+02
7.188806229762394651e+02
7.161373923897911027e+02
7.134542498352749362e+02
7.108318186325242323e+02
7.082707221013724848e+02
7.057712719017362133e+02
7.033342160174153150e+02
7.009599907722933949e+02
6.986492194862034921e+02
6.964024008150124700e+02
6.942200957465702231e+02
6.921028029367433874e+02
6.900512080373486015e+02
6.880656850402859845e+02
6.861469819293554337e+02
6.842954103644735824e+02
6.825116559974571828e+02
6.807963421481395017e+02
6.791498428084204306e+02
6.775728436301167221e+02
6.760658432690951258e+02
6.746292780492387919e+02
6.732638959543478450e+02
6.719701333083055488e+02
6.707483017710285367e+02
6.695979026866501727e+02
6.685180010754204432e+02
6.675079112855228232e+02
6.665667606691905576e+02
6.656936765786570049e+02
6.648880356940887850e+02
6.641488407037527395e+02
6.634754059558320023e+02
6.628668588025601593e+02
6.623223889281537140e+02
6.618411860168295107e+02
6.614225020847873111e+02
6.610654644842607013e+02
6.607693252314496704e+02
6.605332116785874632e+02
6.603563758418740690e+02
6.602379450735429600e+02
6.601771090578107533e+02
6.601731198108775516e+02
6.602251670169598583e+02
6.603323780282911457e+02
6.604940048610715166e+02
6.607091125355507302e+02
6.609771400638790055e+02
6.612970278023396986e+02
6.616680900991160570e+02
6.620895789704080698e+02
6.625604971044825788e+02
6.630801588495228316e+02
6.636478162217288173e+02
6.642625342413505223e+02
6.649235649245881632e+02
6.656300979556581296e+02
6.663812606867940076e+02
6.671763051341957862e+02
6.680144833140633409e+02
6.688949225786300303e+02
6.698167502801294404e+02
6.707792184347613329e+02
6.717815790587256970e+02
6.728228971722728602e+02
6.739024871235858427e+02
6.750194139329148584e+02
6.761729919484431548e+02
6.773623485224040905e+02
6.785866733390143963e+02
6.798451560824906892e+02
6.811369864370496998e+02
6.824614164188914174e+02
6.838175110482659420e+02
6.852041483494731438e+02
6.866200193508632310e+02
6.880639397447527017e+02
6.895347252234583948e+02
6.910310668153301776e+02
6.925518425446682613e+02
6.940956811078391411e+02
6.956614605291430280e+02
6.972479965008965337e+02
6.988538553874830086e+02
7.004780398771690670e+02
7.021191786663215453e+02
7.037760874472570549e+02
7.054475819122922076e+02
7.071322907577938395e+02
7.088290920080619344e+02
7.105368013554131039e+02
7.122541098281975565e+02
7.139798331187316762e+02
7.157126622553657853e+02
7.174514129304163816e+02
7.191949008362001905e+02
7.209419416650340509e+02
7.226911017813010858e+02
7.244413838732681370e+02
7.261913543053185549e+02
7.279399534337356954e+02
7.296858722868695395e+02
7.314279265570366988e+02
7.331647449406040096e+02
7.348953301258380861e+02
7.366182484771223926e+02
7.383323780187567991e+02
7.400364097790914002e+02
7.417292841144095519e+02
7.434095673890946046e+02
7.450761376274465420e+02
7.467277481897988309e+02
7.483631524364847110e+02
7.499811660598209073e+02
7.515805424201408869e+02
7.531600348777777754e+02
7.547183967930651534e+02
7.562544438583195188e+02
7.577669294338744521e+02
7.592546068800630792e+02
7.607162918892022390e+02
7.621506754896419125e+02
7.635566357056821971e+02
7.649329882296395908e+02
7.662791097416809407e+02
7.675944392539561250e+02
7.688785404425819934e+02
7.701309769836750547e+02
7.713510008934355255e+02
7.725383005119464315e+02
7.736923148513581054e+02
7.748124829238203120e+02
7.758983060734665287e+02
7.769492233124468612e+02
7.779648606488610767e+02
7.789445947628759086e+02
7.798878646666414625e+02
7.807942963682577329e+02
7.816633288798748254e+02
7.824943388816591323e+02
7.832869523817108757e+02
7.840406083921800473e+02
7.847547459252166391e+02
7.854289286569372734e+02
7.860625955994919423e+02
7.866552480970141232e+02
7.872063251616538082e+02
7.877153904695275060e+02
7.881818830327854357e+02
7.886052418635774757e+02
7.889850929700036204e+02
7.893208130322307170e+02
7.896118410624085300e+02
7.898578030686372813e+02
7.900580757310834770e+02
7.902122227258638532e+02
7.903196830651285154e+02
7.903799580930107140e+02
7.903924868216605546e+02
7.903568329271945458e+02
7.902724354217627933e+02
7.901387333175152889e+02
7.899553526225520272e+02
7.897216700170398553e+02
7.894371245131285377e+02
7.891013421189181827e+02
7.887136995145754099e+02
7.882736980442336971e+02
7.877809637159930389e+02
7.872347485460533107e+02
7.866346785425145072e+02
7.859802550495102196e+02
7.852709170791902125e+02
7.845062906396545941e+02
7.836868120547867420e+02
7.828128553164864343e+02
7.818849814126039064e+02
7.809037513309890528e+02
7.798696637275085095e+02
7.787830925940622819e+02
7.776446612504837503e+02
7.764548683526394370e+02
7.752141502244128333e+02
7.739230678536537198e+02
7.725821822282123321e+02
7.711918673399884483e+02
7.697526841768321901e+02
7.682651937265935658e+02
7.667297699811724669e+02
7.651470985923855324e+02
7.635175535521328811e+02
7.618415711842977771e+02
7.601198371406968590e+02
7.583528500771967629e+02
7.565409216537141219e+02
7.546846751900824302e+02
7.527846716741514683e+02
7.508413474298047277e+02
7.488552011129088442e+02
7.468267937113135986e+02
7.447565615489025959e+02
7.426449409495589862e+02
7.404926798970827804e+02
7.383000277194073533e+02
7.360676700683494573e+02
7.337959809358088705e+02
7.314855836416189732e+02
7.291368521776798843e+02
7.267504098638247569e+02
7.243266930239369685e+02
7.218662003138832688e+02
7.193695550534969243e+02
7.168370689026945684e+02
7.142693651813095812e+02
7.116669425452085989e+02
7.090302996502581436e+02
7.063599351523250789e+02
7.036562853752926685e+02
7.009200359709774375e+02
6.981514362673128744e+02
6.953512342480988764e+02
6.925198039052355625e+02
6.896577062265727136e+02
6.867654398679770793e+02
6.838438774772154147e+02
6.808940163660209919e+02
6.779166668501769664e+02
6.749128262414168375e+02
6.718832425235405026e+02
6.688290376722479778e+02
6.657510220033225323e+02
6.626500681645309214e+02
6.595271734676063033e+02
6.563832105603155469e+02
6.532191144224083246e+02
6.500357577016516188e+02
6.468340753777952159e+02
6.436149400986057572e+02
6.403793491758166283e+02
6.371281752571944708e+02
6.338623533224892981e+02
6.305826936874842659e+02
6.272902559958962456e+02
6.239858505635085066e+02
6.206704123700708351e+02
6.173448763953334719e+02
6.140101152870628312e+02
6.106671263569924122e+02
6.073167199209054843e+02
6.039598309585519473e+02
6.005974567816651870e+02
5.972304077060285863e+02
5.938596810433753035e+02
5.904860871094888353e+02
5.871106232161023399e+02
5.837341620109825726e+02
5.803577008058626916e+02
5.769820499165263072e+02
5.736080819907397199e+02
5.702368566722198011e+02
5.668691842767499338e+02
5.635059997840797905e+02
5.601482381739597258e+02
5.567967720941560401e+02
5.534525988564023464e+02
5.501164664444984282e+02
5.467894345021610434e+02
5.434723756771568333e+02
5.401662249492356977e+02
5.368718549661643920e+02
5.335902007076928157e+02
5.303221971535708690e+02
5.270686546195821620e+02
5.238305704174597395e+02
5.206083497050954065e+02
5.174026158023223161e+02
5.142137738670323870e+02
5.110423848870754000e+02
5.078889475183180480e+02
5.047538669186520224e+02
5.016377040759273314e+02
4.985409888120022970e+02
4.954641574507601831e+02
4.924077086480676826e+02
4.893721722257831743e+02
4.863580156737815514e+02
4.833657688139211928e+02
4.803958368040937330e+02
4.774488117981408664e+02
4.745251924519291720e+02
4.716253839233503982e+02
4.687499472002545531e+02
4.658993497725165298e+02
4.630741214619946504e+02
4.602747609245556646e+02
4.575016733180912070e+02
4.547554507964428581e+02
4.520365296834940523e+02
4.493455021330863133e+02
4.466827421371197602e+02
4.440487795174526582e+02
4.414441752619350154e+02
4.388693345284584666e+02
4.363248183048730198e+02
4.338110629150619957e+02
4.313286293468753456e+02
4.288779539241964471e+02
4.264595664688836223e+02
4.240739656368035071e+02
4.217216189178311083e+02
4.194030249678331188e+02
4.171187136086677469e+02
4.148691523302100563e+02
4.126548397883267398e+02
4.104762434728927474e+02
4.083339243717580302e+02
4.062283188088060228e+02
4.041599254399032475e+02
4.021293052528997691e+02
4.001368634056872793e+02
3.981831297201240432e+02
3.962686340180683828e+02
3.943938437893953619e+02
3.925591018600131861e+02
3.907643458979386537e+02
3.890093265752383331e+02
3.872938257299706493e+02
3.856175940342021704e+02
3.839803821599996354e+02
3.823820031114130416e+02
3.808221763945173848e+02
3.793007150133627192e+02
3.778173696400156132e+02
3.763718909465428055e+02
3.749640919369942935e+02
3.735936921174450731e+02
3.722605044919451984e+02
3.709642485665695517e+02
3.697047373453682440e+02
3.684817215004079571e+02
3.672949828697469457e+02
3.661442409594602623e+02
3.650293087735979043e+02
3.639499681502182398e+02
3.629059385953962078e+02
3.618970331131818625e+02
3.609230023756418291e+02
3.599835970548428463e+02
3.590785989888432255e+02
3.582078211816929070e+02
3.573709831394670005e+02
3.565678043682404450e+02
3.557981913700382961e+02
3.550618013189521207e+02
3.543584160530403437e+02
3.536878485763529625e+02
3.530498183949649729e+02
3.524441073469347430e+02
3.518704972703205272e+02
3.513287700031806935e+02
3.508186762175819808e+02
3.503399665855909575e+02
3.498924541112577344e+02
3.494758583006572508e+02
3.490899609918478177e+02
3.487345751888795462e+02
3.484094203978273185e+02
3.481142472907578735e+02
3.478489000377128377e+02
3.476130669787756347e+02
3.474065922839878340e+02
3.472291642934328593e+02
3.470805960111606510e+02
3.469606069432462618e+02
3.468686672678313130e+02
3.468040913330991657e+02
3.467663493171915547e+02
3.467547867342834707e+02
3.467688425965248484e+02
3.468078935840824215e+02
3.468713475431146094e+02
3.469585811537879181e+02
3.470690022622608808e+02
3.472019875487000036e+02
3.473569760252554488e+02
3.475332820401104641e+02
3.477304069373984134e+02
3.479476650653026581e+02
3.481844642699815608e+02
3.484402435635850566e+02
3.487143484602882495e+02
3.490062179722410747e+02
3.493152287796102655e+02
3.496407575625624986e+02
3.499822433332477090e+02
3.503390004398493147e+02
3.507104990605089938e+02
3.510961470413851089e+02
3.514952587306609075e+02
3.519073043064781814e+02
3.523316604490034933e+02
3.527676726724119476e+02
3.532148111548452221e+02
3.536724214104782504e+02
3.541399112854695090e+02
3.546166886259771900e+02
3.551021612781597128e+02
3.555956747561920679e+02
3.560966680722243041e+02
3.566045179064230979e+02
3.571186321049467551e+02
3.576383873479620092e+02
3.581631914816271092e+02
3.586924211861087883e+02
3.592255154735570954e+02
3.597618510241387071e+02
3.603008045180202430e+02
3.608417838013600658e+02
3.613841967203164813e+02
3.619273887890645938e+02
3.624707990197543950e+02
3.630138664245358200e+02
3.635558741856006577e+02
3.640963548130737877e+02
3.646348096510886876e+02
3.651708958737369244e+02
3.657041771571352342e+02
3.662343418413669269e+02
3.667608601045736805e+02
3.672834826188221768e+02
3.678017418942374093e+02
3.683152327729277431e+02
3.688235812629931729e+02
3.693264445385253794e+02
3.698233551096493557e+02
3.703139078184734672e+02
3.707978221710727098e+02
3.712745683455887047e+02
3.717438658480965614e+02
3.722052471887212164e+02
3.726583695415543502e+02
3.731027965827126422e+02
3.735381543202961439e+02
3.739640687624047928e+02
3.743801347511469544e+02
3.747859159626393080e+02
3.751811007369652202e+02
3.755652215842496275e+02
3.759379356785843243e+02
3.762988378620775052e+02
3.766474918108459633e+02
3.769835858649729516e+02
3.773066837005752063e+02
3.776163489937694067e+02
3.779122389186471764e+02
3.781939794833085102e+02
3.784611343638701442e+02
3.787133607344237589e+02
3.789501911050942908e+02
3.791712826499734774e+02
3.793762613771612564e+02
3.795646597967827347e+02
3.797361662489211653e+02
3.798903444096932844e+02
3.800268202871990297e+02
3.801451575575551374e+02
3.802450133948532880e+02
3.803259826412017333e+02
3.803876913047005814e+02
3.804297030614664550e+02
3.804516439195993485e+02
3.804531087212076841e+02
3.804337234743913996e+02
3.803931765192338048e+02
3.803314990217266427e+02
3.802487221478615425e+02
3.801449393956135054e+02
3.800203065949408483e+02
3.798748237458435710e+02
3.797086466782800471e+02
3.795218377242335350e+02
3.793144592156874637e+02
3.790866358166084069e+02
3.788384298589797368e+02
3.785699971727597699e+02
3.782813377579485632e+02
3.779725762785126904e+02
3.776438062324272096e+02
3.772950899516754362e+02
3.769265521002240575e+02
3.765382238440647029e+02
3.761302921791473750e+02
3.757027571054720738e+02
3.752557121210138007e+02
3.747892818897392431e+02
3.743035599096234023e+02
3.737986085126495368e+02
3.732745211967927617e+02
3.727313914600279645e+02
3.721692816343385743e+02
3.715883163836911649e+02
3.709885892060607944e+02
3.703701312674390920e+02
3.697330983977843744e+02
3.690775217630883844e+02
3.684035260273177528e+02
3.677111735224557947e+02
3.670005889124691407e+02
3.662718345293412199e+02
3.655250038710469198e+02
3.647601281035779834e+02
3.639774253888760427e+02
3.631768645609494115e+02
3.623586014497565202e+02
3.615226672212888843e+02
3.606692177055049342e+02
3.597983152343879851e+02
3.589099909739297232e+02
3.580044007540884081e+02
3.570816380728390982e+02
3.561417652621651655e+02
3.551848446540498117e+02
3.542109697464681517e+02
3.532203587013617607e+02
3.522132296806723843e+02
3.511900190082833433e+02
3.501511006760945293e+02
3.490968486760060614e+02
3.480276369999178314e+02
3.469438084737382155e+02
3.458457994213505344e+02
3.447339526686631643e+02
3.436086422075759970e+02
3.424702420299890946e+02
3.413191572937940350e+02
3.401557308248993081e+02
3.389803989471880641e+02
3.377934109885937346e+02
3.365952967709746417e+02
3.353863056222640466e+02
3.341669050323369561e+02
3.329374378271018031e+02
3.316982779984584226e+02
3.304497995383069338e+02
3.291923764385472282e+02
3.279264138570710543e+02
3.266522234537950453e+02
3.253702415526025220e+02
3.240808421453934329e+02
3.227843680580761543e+02
3.214812244485423776e+02
3.201717853086919945e+02
3.188563934644334381e+02
3.175354852396499155e+02
3.162094034602498596e+02
3.148785221181332759e+02
3.135431840392083700e+02
3.122038255473585764e+02
3.108607894684922144e+02
3.095144809605008618e+02
3.081652740152845809e+02
3.068134802927600049e+02
3.054595672828021407e+02
3.041038466453276783e+02
3.027467547042198817e+02
3.013886031193954409e+02
3.000297658827543614e+02
2.986706793181799071e+02
2.973117174175721402e+02
2.959532230068393801e+02
2.945955389118899461e+02
2.932391014566071021e+02
2.918842846328909673e+02
2.905314312666497472e+02
2.891808218518085027e+02
2.878327368822921812e+02
2.864874880180174728e+02
2.851453245869177522e+02
2.838065582489095959e+02
2.824714071659347496e+02
2.811402141639014758e+02
2.798131974047514063e+02
2.784906997143929743e+02
2.771729392547677548e+02
2.758602276857924949e+02
2.745528455013920848e+02
2.732510420294998994e+02
2.719551289300326289e+02
2.706653555309235344e+02
2.693820023260976768e+02
2.681054121414633755e+02
2.668357719729706332e+02
2.655734246465277124e+02
2.643185883240763019e+02
2.630716058315247778e+02
2.618327264968064014e+02
2.606021996478546043e+02
2.593803525275817492e+02
2.581674500469170539e+02
2.569637415337938933e+02
2.557695386481288438e+02
2.545850907178553086e+02
2.534107249858857358e+02
2.522466596141618140e+02
2.510932062626001766e+02
2.499506610081216706e+02
2.488192575956637995e+02
2.476993076851431965e+02
2.465910606044932365e+02
2.454947968476388667e+02
2.444108436574925918e+02
2.433394347789919152e+02
2.422808507060618410e+02
2.412353875156231595e+02
2.402033101186050885e+02
2.391848834259367607e+02
2.381804190975348376e+02
2.371901820443284521e+02
2.362144371772468219e+02
2.352534805732107372e+02
2.343075927261452023e+02
2.333770229639835350e+02
2.324620673636465824e+02
2.315629440870760050e+02
2.306796843002634603e+02
2.298122568372172907e+02
2.289605837829583095e+02
2.281246651374865451e+02
2.273044229858228107e+02
2.264998417449712917e+02
2.257108434999528015e+02
2.249374749997548406e+02
2.241795959974149355e+02
2.234372376589247438e+02
2.227103220693050787e+02
2.219988492285559687e+02
2.213027256387024124e+02
2.206219357167485668e+02
2.199564638796985889e+02
2.193062322125733203e+02
2.186712407153727611e+02
2.180513958901219382e+02
2.174467133198166380e+02
2.168571150894777304e+02
2.162825700331135295e+02
2.157230625677282490e+02
2.151785147783426453e+02
2.146489266649567753e+02
2.141342203125914807e+02
2.136343801382508616e+02
2.131493593929475026e+02
2.126791113276938461e+02
2.122236203594940775e+02
2.117828085733690386e+02
2.113566759693187294e+02
2.109451446323639914e+02
2.105482145625047679e+02
2.101658078447619857e+02
2.097979088961397451e+02
2.094444709676505454e+02
2.091054628933027573e+02
2.087808379241088801e+02
2.084705493110813848e+02
2.081745658882286136e+02
2.078928253235672514e+02
2.076253432000931127e+02
2.073720260198312246e+02
2.071328426167898726e+02
2.069077774079732706e+02
2.066967680613980747e+02
2.064997834110726274e+02
2.063167922910052425e+02
2.061477323692125765e+02
2.059925568967071570e+02
2.058510165455556660e+02
2.057228619878247571e+02
2.056078438955810839e+02
2.055056973578954853e+02
2.054161574638388572e+02
2.053389748854777963e+02
2.052739002948790130e+02
2.052206531981175317e+02
2.051789686842641345e+02
2.051486285913772178e+02
2.051293368425359063e+02
2.051208596928027532e+02
2.051229166482526978e+02
2.051352739639482934e+02
2.051576511459645360e+02
2.051897832833722646e+02
2.052314522142298188e+02
2.052823618616163799e+02
2.053422628975985731e+02
2.054109059942431088e+02
2.054880106576250114e+02
2.055733587258025636e+02
2.056666385388591323e+02
2.057676319348530569e+02
2.058760740028552050e+02
2.059916998319363586e+02
2.061142600941631997e+02
2.062434742956107812e+02
2.063791242743373857e+02
2.065208827874305655e+02
2.066685784219361040e+02
2.068218683519457386e+02
2.069805655815094099e+02
2.071443584507104845e+02
2.073130287976073305e+02
2.074862961282748870e+02
2.076638799487882068e+02
2.078455776802014725e+02
2.080310932455938087e+02
2.082201617340360826e+02
2.084125494005907910e+02
2.086079913343288013e+02
2.088062226243208954e+02
2.090069627766421263e+02
2.092100092123466197e+02
2.094150502715177709e+02
2.096218677922138909e+02
2.098301812805099473e+02
2.100397258254768360e+02
2.102502520991812105e+02
2.104615575226772535e+02
2.106734083510274331e+02
2.108856020052859321e+02
2.110979047405152755e+02
2.113101295607654322e+02
2.115220271381031125e+02
2.117333948935824708e+02
2.119440302482576897e+02
2.121536994571912373e+02
2.123621999414373249e+02
2.125693135390542352e+02
2.127748065051045501e+02
2.129784918436382100e+02
2.131801513927135829e+02
2.133795514073931656e+02
2.135764893087311407e+02
2.137707313517899763e+02
2.139620749576238836e+02
2.141503175472869884e+02
2.143352097928460296e+02
2.145165802813467621e+02
2.146941796848559250e+02
2.148678054244276723e+02
2.150372393381203153e+02
2.152022632639921937e+02
2.153626746230975186e+02
2.155182240875029152e+02
2.156687402442542520e+02
2.158139893484140259e+02
2.159537376550447334e+02
2.160877825852005287e+02
2.162159371429314660e+02
2.163379364173083275e+02
2.164535934123811671e+02
2.165626899662082678e+02
2.166650079168480261e+02
2.167603446853545393e+02
2.168484509437945746e+02
2.169291396962180443e+02
2.170021927806833446e+02
2.170673764522529439e+02
2.171245037149768677e+02
2.171733252409217698e+02
2.172136696171335188e+02
2.172452719326829254e+02
2.172679451916200151e+02
2.172814868149989138e+02
2.172856474748863320e+02
2.172802090093406093e+02
2.172650311713992153e+02
2.172400672120747060e+02
2.172052703823795241e+02
2.171606718483053555e+02
2.171062716098522003e+02
2.170420385010284292e+02
2.169680036878256431e+02
2.168841204212563980e+02
2.167904198673123233e+02
2.166868708600017612e+02
2.165735045653163979e+02
2.164502898172645473e+02
2.163172266158462378e+02
2.161742993780655695e+02
2.160215392699142853e+02
2.158589151254006708e+02
2.156864269445247544e+02
2.155040591442906930e+02
2.153118428906901443e+02
2.151097314347356075e+02
2.148977403594229258e+02
2.146758696647520992e+02
2.144441193507231276e+02
2.142024738343401964e+02
2.139509175326074057e+02
2.136894816115164986e+02
2.134181193220799457e+02
2.131368774132852479e+02
2.128456935531490615e+02
2.125445989076630440e+02
2.122335934768272239e+02
2.119126460946499435e+02
2.115817879271228321e+02
2.112409878082542320e+02
2.108902457380441717e+02
2.105295772994884658e+02
2.101589357435996135e+02
2.097783678193650871e+02
2.093878267777974429e+02
2.089873437848883100e+02
2.085768876746460307e+02
2.081564740300664482e+02
2.077260716851578763e+02
2.072857118059120012e+02
2.068353632263371367e+02
2.063750259464333112e+02
2.059047155491963110e+02
2.054243852856386923e+02
2.049340819047479272e+02
2.044337742405323297e+02
2.039234934589836143e+02
2.034033798070642263e+02
2.028735891147325390e+02
2.023342772119468407e+02
2.017856310946571625e+02
2.012278065928218211e+02
2.006609907023908193e+02
2.000853236703266589e+02
1.995009769095834997e+02
1.989081062501196584e+02
1.983068986878851376e+02
1.976975256358340971e+02
1.970801273409290388e+02
1.964548752161241509e+02
1.958219562573693793e+02
1.951815107116272543e+02
1.945337255748477787e+02
1.938787410939934546e+02
1.932167598480100708e+02
1.925479065008643147e+02
1.918723836315020321e+02
1.911903159038898821e+02
1.905019214799694964e+02
1.898073250237075627e+02
1.891066979480582404e+02
1.884002428319673754e+02
1.876880843394015983e+02
1.869703783003192825e+02
1.862473428766620600e+02
1.855191027323965898e+02
1.847858292804770599e+02
1.840477095168534447e+02
1.833048836884882462e+02
1.825575387913314671e+02
1.818058150723456379e+02
1.810499151104765190e+02
1.802899791526866409e+02
1.795261630289343486e+02
1.787586693181654596e+02
1.779876226843466327e+02
1.772132101234278707e+02
1.764356030483633333e+02
1.756549572891113655e+02
1.748714598416219417e+02
1.740852509528575638e+02
1.732964864527765769e+02
1.725053689203247984e+02
1.717120230194688872e+02
1.709166513291546892e+02
1.701194096793405208e+02
1.693204538999847273e+02
1.685199554040414682e+02
1.677180856044648749e+02
1.669150003312133208e+02
1.661108709972409656e+02
1.653058690155019406e+02
1.645001346329587761e+02
1.636938548455614466e+02
1.628872166492599547e+02
1.620803447080209594e+02
1.612734260177944918e+02
1.604666008255429972e+02
1.596600717102123497e+02
1.588539945017608375e+02
1.580485250301468341e+02
1.572438347083244707e+02
1.564400793662520925e+02
1.556374459998797022e+02
1.548360748561697733e+02
1.540361373480764939e+02
1.532378204715498669e+02
1.524412644735523372e+02
1.516466563500339646e+02
1.508541363479572226e+02
1.500638914632720855e+02
1.492760775259368984e+02
1.484908815319016924e+02
1.477084281451330696e+02
1.469289199445769043e+02
1.461524971771956700e+02
1.453793312559435549e+02
1.446096091767705332e+02
1.438434711866391353e+02
1.430811042814993073e+02
1.423226487083135794e+02
1.415682914630319544e+02
1.408181883756127206e+02
1.400725108590100945e+02
1.393314303261782072e+02
1.385950870240795609e+02
1.378636679486641583e+02
1.371373289298903160e+02
1.364162569637080651e+02
1.357005767140840078e+02
1.349904907599640467e+02
1.342861705143023130e+02
1.335877250580696227e+02
1.328953881362034792e+02
1.322092844126705415e+02
1.315296008834208408e+02
1.308564622124210075e+02
1.301899385231523070e+02
1.295300531901084753e+02
1.288768373792811701e+02
1.282303300481599990e+02
1.275905623627366339e+02
1.269575576975047824e+02
1.263313705929499093e+02
1.257120088405698937e+02
1.250995191893522502e+02
1.244939328052886509e+02
1.238952808543707391e+02
1.233035867110922936e+02
1.227188971244408009e+02
1.221412432604079186e+02
1.215706562849853185e+02
1.210071595726667510e+02
1.204507920809418096e+02
1.199015771843042302e+02
1.193595694232394209e+02
1.188247765892453174e+02
1.182972532228073277e+02
1.177770149069212948e+02
1.172641083905746910e+02
1.167585492567633736e+02
1.162603842544748289e+02
1.157696367582028074e+02
1.152863457254369024e+02
1.148105267391729427e+02
1.143422421313942579e+02
1.138815152765945840e+02
1.134283539662718709e+02
1.129828361154052487e+02
1.125449461409989027e+02
1.121147307920403335e+02
1.116922446090149492e+02
1.112775031749185928e+02
1.108705376557429219e+02
1.104713870089775156e+02
1.100800824006140459e+02
1.096966472051462489e+02
1.093211281715616536e+02
1.089535486743539821e+02
1.085939476710128417e+02
1.082423485360319546e+02
1.078987824354030067e+02
1.075632961181134846e+02
1.072359129586571385e+02
1.069166641230256545e+02
1.066055885687085834e+02
1.063026940872038750e+02
1.060078949720344212e+02
1.057211210997189852e+02
1.054422633892867225e+02
1.051712283427626602e+02
1.049079224621717827e+02
1.046522444580411815e+02
1.044041164153916839e+02
1.041634214617545382e+02
1.039300816821506004e+02
1.037040035786048549e+02
1.034850858616443929e+02
1.032732272417962918e+02
1.030683420125834857e+02
1.028703366760309592e+02
1.026791099426658036e+02
1.024945838975088606e+02
1.023166416680913784e+02
1.021451975479362630e+02
1.019801580390685416e+02
1.018214296435131985e+02
1.016689110717973108e+02
1.015225166174438129e+02
1.013821527824777036e+02
1.012477104859281525e+02
1.011191118128159872e+02
1.009962476821703916e+02
1.008790401790121791e+02
1.007673802223705195e+02
1.006611743142704398e+02
1.005603367482348460e+02
1.004647662347908010e+02
1.003743692759633319e+02
1.002890601652753588e+02
1.002087220302581159e+02
1.001332847474303804e+02
1.000626392358212939e+02
9.999669199745585502e+01
9.993535732585701226e+01
9.987852614005392127e+01
9.982612052506740952e+01
9.977803139992664683e+01
9.973417305815455336e+01
9.969445200177612776e+01
9.965875914982055406e+01
9.962701658730864551e+01
9.959913081626542919e+01
9.957498496422212497e+01
9.955450890769751027e+01
9.953759356572075490e+01
9.952415323181475060e+01
9.951406324201286679e+01
9.950722230684215219e+01
9.950350576233597621e+01
9.950281231902140178e+01
9.950501731293178409e+01
9.951001945459418607e+01
9.951769408004196293e+01
9.952792431680634877e+01
9.954060887541444913e+01
9.955563088339749811e+01
9.957287346828675823e+01
9.959222754911138509e+01
9.961356846190473391e+01
9.963680270869180333e+01
9.966179783400799863e+01
9.968843696538458232e+01
9.971663439634446036e+01
9.974624987992515912e+01
9.977718212665374153e+01
9.980931426406147011e+01
9.984253721117751468e+01
9.987672630403520202e+01
9.991177246166371617e+01
9.994756660309219853e+01
9.998399964734984735e+01
1.000209469304699894e+02
1.000582993714817803e+02
1.000959400979164968e+02
1.001337678203012018e+02
1.001716578746692363e+02
1.002094933885518628e+02
1.002471730724761443e+02
1.002845722624754501e+02
1.003215896690768290e+02
1.003580928368157288e+02
1.003939882677171340e+02
1.004291512978143857e+02
1.004634728461366677e+02
1.004968282487172786e+02
1.005291240075812595e+02
1.005602354587619232e+02
1.005900379382926104e+02
1.006184379481983342e+02
1.006453108245124071e+02
1.006705474862640131e+02
1.006940232694864932e+02
1.007156446762048319e+02
1.007352870424523843e+02
1.007528334957603846e+02
1.007681827466559241e+02
1.007812880461515164e+02
1.007920948537617249e+02
1.008005797949928137e+02
1.008066805378614532e+02
1.008103737078738789e+02
1.008116047645446969e+02
1.008103269588863782e+02
1.008065091249072935e+02
1.008001045136199139e+02
1.007910741675346600e+02
1.007793635461661381e+02
1.007649414835226622e+02
1.007477690221146389e+02
1.007277994129546101e+02
1.007049859070550326e+02
1.006792895469263556e+02
1.006506713750789714e+02
1.006190846425253937e+02
1.005844903917760575e+02
1.005468418738434195e+02
1.005061001312379432e+02
1.004622184149720994e+02
1.004151655590542305e+02
1.003648948144968500e+02
1.003113516408145216e+02
1.002545048720155876e+02
1.001943155506104830e+02
1.001307291361137572e+02
1.000637144625337669e+02
9.999323257238093277e+01
9.991922892516981847e+01
9.984165677191295174e+01
9.976049273811655382e+01
9.967568228329523095e+01
9.958718644995940394e+01
9.949496628061946524e+01
9.939897502628794257e+01
9.929916593797732105e+01
9.919550784969594304e+01
9.908794622095837212e+01
9.897645767727088639e+01
9.886097209515223483e+01
9.874146610010865288e+01
9.861790073465056139e+01
9.849022924979045968e+01
9.835839710504293976e+01
9.822237313441632978e+01
9.808211838042105057e+01
9.793757830257169417e+01
9.778874510937032483e+01
9.763564217531070710e+01
9.747835520686992083e+01
9.731691537003962367e+01
9.715140057979898813e+01
9.698186537663342222e+01
9.680836430102836232e+01
9.663096747646503104e+01
9.644973723492677209e+01
9.626472032540108614e+01
9.607598687136922422e+01
9.588359920481450160e+01
9.568759628322652588e+01
9.548806381308236269e+01
9.528505633486743420e+01
9.507862838906714842e+01
9.486884230766484905e+01
9.465574483964802255e+01
9.443942169149376298e+01
9.421991182069164950e+01
9.399729314222084042e+01
9.377160461357091492e+01
9.354292414972104552e+01
9.331129849965874712e+01
9.307679778686524230e+01
9.283947655182595327e+01
9.259939712652422372e+01
9.235662184294336896e+01
9.211120524156882539e+01
9.186320965438390829e+01
9.161269741337196137e+01
9.135973085051629994e+01
9.110435671480443887e+01
9.084665292121553648e+01
9.058666621873709346e+01
9.032446673085036082e+01
9.006010120654283924e+01
8.979363976929576552e+01
8.952514475109248338e+01
8.925466290092049348e+01
8.898226434226103265e+01
8.870801919859536611e+01
8.843196642741305880e+01
8.815417615219537595e+01
8.787471070492563285e+01
8.759363241758717322e+01
8.731098803916748352e+01
8.702684769314782898e+01
8.674126592001361757e+01
8.645431284324610033e+01
8.616603521183277792e+01
8.587646419176530799e+01
8.558563874053328391e+01
8.529355885813669147e+01
8.500027908506096708e+01
8.470580721280400383e+01
8.441017440735748778e+01
8.411341962621098389e+01
8.381555066086242789e+01
8.351659867730346321e+01
8.321659484152577591e+01
8.291556252802311633e+01
8.261353290278712791e+01
8.231052154881366789e+01
8.200656742359230122e+01
8.170169390161679246e+01
8.139591656588295621e+01
8.108927437388038584e+01
8.078179070010284590e+01
8.047348112754615101e+01
8.016438461369988033e+01
7.985453232455570571e+01
7.954393205161154867e+01
7.923262275235700258e+01
7.892063559278369667e+01
7.860798615588750238e+01
7.829469781616214163e+01
7.798080173959930050e+01
7.766633688368855815e+01
7.735131883142572917e+01
7.703576316580667083e+01
7.671971663581886958e+01
7.640318703296023273e+01
7.608621331472036786e+01
7.576881885559301111e+01
7.545102703007189859e+01
7.513286900414873060e+01
7.481436815231721482e+01
7.449555564056905155e+01
7.417644705190005538e+01
7.385707355230189819e+01
7.353746630776625182e+01
7.321764869278685239e+01
7.289764408185745026e+01
7.257748364096973148e+01
7.225719074461741798e+01
7.193679655879219581e+01
7.161631666648989381e+01
7.129578223370218382e+01
7.097523221791863079e+01
