# d_a
# unit = Mpc
0.000000000000000000e+00
4.420013699753923220e+01
8.733489727582770001e+01
1.294341300616911496e+02
1.705265957529317120e+02
2.106400176218307934e+02
2.498011305287811012e+02
2.880357268437600169e+02
3.253686997588143868e+02
3.618240841613183534e+02
3.974250952255069365e+02
4.321941648684454549e+02
4.661529762062176019e+02
4.993224961365187369e+02
5.317230061649964910e+02
5.633741315845331883e+02
5.942948691091461342e+02
6.245036130571968442e+02
6.540181801722009141e+02
6.828558331635524610e+02
7.110333030439753657e+02
7.385668103354092864e+02
7.654720852102941535e+02
7.917643866308293354e+02
8.174585205447057206e+02
8.425688571920187542e+02
8.671093475745439036e+02
8.910935391352913939e+02
9.145345906932066100e+02
9.374452866750420981e+02
9.598380506837875146e+02
9.817249584405839187e+02
1.003117750134758580e+03
1.024027842214459270e+03
1.044466338648388728e+03
1.064444041687261915e+03
1.083971462151877176e+03
1.103058829273055835e+03
1.121716100107189277e+03
1.139952968549713887e+03
1.157778873967493837e+03
1.175203009469866402e+03
1.192234329836916686e+03
1.208881559122475437e+03
1.225153197948306342e+03
1.241057530504997658e+03
1.256602631274171017e+03
1.271796371485777172e+03
1.286646425323477615e+03
1.301160275890349340e+03
1.315345220946477866e+03
1.329208378429337699e+03
1.342756691767264329e+03
1.355996934995727997e+03
1.368935717685608097e+03
1.381579489692141578e+03
1.393934545732745164e+03
1.406007029801481849e+03
1.417802939427507908e+03
1.429328129784432349e+03
1.440588317657195375e+03
1.451589085272654302e+03
1.462335883999810676e+03
1.472834037925235862e+03
1.483088747309032897e+03
1.493105091926318892e+03
1.502888034299033052e+03
1.512442422822567096e+03
1.521772994791544988e+03
1.530884379328799469e+03
1.539781100221460065e+03
1.548467578667812631e+03
1.556948135938448104e+03
1.565226995955043094e+03
1.573308287789934411e+03
1.581196048089520218e+03
1.588894223424368874e+03
1.596406672568775775e+03
1.603737168712389575e+03
1.610889401606396632e+03
1.617866979646662685e+03
1.624673431896081865e+03
1.631312210048326506e+03
1.637786690335055937e+03
1.644100175378578797e+03
1.650255895991860143e+03
1.656257012927686446e+03
1.662106618578731286e+03
1.667807738630166796e+03
1.673363333666443623e+03
1.678776300733730068e+03
1.684049474859499696e+03
1.689185630530655089e+03
1.694187483131540148e+03
1.699057690343133572e+03
1.703798853504655199e+03
1.708413518938784364e+03
1.712904179241637394e+03
1.717273274538595615e+03
1.721523193707045721e+03
1.725656275567054536e+03
1.729674810040954753e+03
1.733581039282783195e+03
1.737377158778483818e+03
1.741065318417746312e+03
1.744647623538328389e+03
1.748126135943671443e+03
1.751502874894596516e+03
1.754779818075828416e+03
1.757958902538098300e+03
1.761042025616502087e+03
1.764031045825817273e+03
1.766927783733423212e+03
1.769734022810467195e+03
1.772451510261884323e+03
1.775081957835864159e+03
1.777627042613346475e+03
1.780088407778090414e+03
1.782467663367856403e+03
1.784766387007228104e+03
1.786986124622562329e+03
1.789128391139575342e+03
1.791194671164008469e+03
1.793186419645860951e+03
1.795105062527605014e+03
1.796951997376829013e+03
1.798728594003722719e+03
1.800436195063796504e+03
1.802076116646236642e+03
1.803649648848272818e+03
1.805158056335921856e+03
1.806602578891469648e+03
1.807984431948027122e+03
1.809304807111514037e+03
1.810564872670375735e+03
1.811765774093367327e+03
1.812908634515695439e+03
1.813994555213836520e+03
1.815024616069300009e+03
1.815999876021635373e+03
1.816921373510942203e+03
1.817790126910166236e+03
1.818607134947420946e+03
1.819373377118596864e+03
1.820089814090507389e+03
1.820757388094791395e+03
1.821377023312817755e+03
1.821949626251818017e+03
1.822476086112448684e+03
1.822957275148018880e+03
1.823394049015560540e+03
1.823787247118980758e+03
1.824137692944445234e+03
1.824446194388228605e+03
1.824713544077182860e+03
1.824940519682020977e+03
1.825127884223586534e+03
1.825276386372280740e+03
1.825386760740809223e+03
1.825459728170420476e+03
1.825495996010774661e+03
1.825496258393624430e+03
1.825461196500423057e+03
1.825391478824036085e+03
1.825287761424677001e+03
1.825150688180217458e+03
1.824980891030998009e+03
1.824778990219274647e+03
1.824545594523432783e+03
1.824281301487075098e+03
1.823986697643137177e+03
1.823662358733106885e+03
1.823308849921501405e+03
1.822926726005688124e+03
1.822516531621172362e+03
1.822078801442443819e+03
1.821614060379509738e+03
1.821122823770188006e+03
1.820605597568280928e+03
1.820062878527709017e+03
1.819495154382709416e+03
1.818902904024189411e+03
1.818286597672319658e+03
1.817646697045450992e+03
1.816983655525454878e+03
1.816297918319545715e+03
1.815589922618693436e+03
1.814860097752679167e+03
1.814108865341890805e+03
1.813336639445916489e+03
1.812543826709024643e+03
1.811730826502584932e+03
1.810898031064519955e+03
1.810045825635830624e+03
1.809174588594285069e+03
1.808284691585317660e+03
1.807376499650212736e+03
1.806450371351623289e+03
1.805506658896499857e+03
1.804545708256468288e+03
1.803567859285732993e+03
1.802573445836544806e+03
1.801562795872299375e+03
1.800536231578312481e+03
1.799494069470329123e+03
1.798436620500806384e+03
1.797364190163035573e+03
1.796277078593136139e+03
1.795175580669977535e+03
1.794059986113073137e+03
1.792930579578486686e+03
1.791787640752798325e+03
1.790631444445179113e+03
1.789462260677600625e+03
1.788280354773228510e+03
1.787085987443051408e+03
1.785879414870757955e+03
1.784660888795924166e+03
1.783430656595532582e+03
1.782188961363867520e+03
1.780936041990818012e+03
1.779672133238626657e+03
1.778397465817108014e+03
1.777112266457383839e+03
1.775816757984154492e+03
1.774511159386550617e+03
1.773195685887577156e+03
1.771870549012199263e+03
1.770535956654090569e+03
1.769192112176685214e+03
1.767839218305178520e+03
1.766477471491440610e+03
1.765107065745650516e+03
1.763728191761335438e+03
1.762341036974673671e+03
1.760945785622632684e+03
1.759542618799998991e+03
1.758131714515289559e+03
1.756713247745591389e+03
1.755287390490339931e+03
1.753854311824067508e+03
1.752414177948130373e+03
1.750967152241454642e+03
1.749513395310297028e+03
1.748053065037067199e+03
1.746586316628210852e+03
1.745113302661181478e+03
1.743634173130520594e+03
1.742149075493063719e+03
1.740658154712284158e+03
1.739161553301805270e+03
1.737659411368086239e+03
1.736151866652298168e+03
1.734639054571424367e+03
1.733121108258574168e+03
1.731598158602550711e+03
1.730070334286670004e+03
1.728537761826857377e+03
1.727000565609034311e+03
1.725458867925802906e+03
1.723912789012452095e+03
1.722362447082293556e+03
1.720807958361339843e+03
1.719249437122342670e+03
1.717686995718205026e+03
1.716120744614764817e+03
1.714550792422990298e+03
1.712977245930567733e+03
1.711400210132922439e+03
1.709819788263656392e+03
1.708236081824442408e+03
1.706649190614363988e+03
1.705059212758719468e+03
1.703466244737304805e+03
1.701870381412176584e+03
1.700271716054919125e+03
1.698670340373407953e+03
1.697066344538091016e+03
1.695459817207801734e+03
1.693850845555094565e+03
1.692239515291133330e+03
1.690625910690127739e+03
1.689010114613329279e+03
1.687392208532603490e+03
1.685772272553567745e+03
1.684150385438330886e+03
1.682526624627812907e+03
1.680901066263675375e+03
1.679273785209859170e+03
1.677644855073736380e+03
1.676014348226892480e+03
1.674382335825535847e+03
1.672748887830546664e+03
1.671114073027176801e+03
1.669477959044393629e+03
1.667840612373890508e+03
1.666202098388760760e+03
1.664562481361840810e+03
1.662921824483736373e+03
1.661280189880533044e+03
1.659637638631192658e+03
1.657994230784649289e+03
1.656350025376606027e+03
1.654705080446045031e+03
1.653059453051442233e+03
1.651413199286706458e+03
1.649766374296839786e+03
1.648119032293330065e+03
1.646471226569273767e+03
1.644823009514240312e+03
1.643174432628882414e+03
1.641525546539289280e+03
1.639876401011100597e+03
1.638227044963371554e+03
1.636577526482207986e+03
1.634927892834161867e+03
1.633278190479400109e+03
1.631628465084652817e+03
1.629978761535933700e+03
1.628329123951050860e+03
1.626679595691903614e+03
1.625030219376569221e+03
1.623381036891183612e+03
1.621732089401628855e+03
1.620083417365013474e+03
1.618435060540967015e+03
1.616787058002738831e+03
1.615139448148117253e+03
1.613492268710157077e+03
1.611845556767733342e+03
1.610199348755919118e+03
1.608553680476181626e+03
1.606908587106419418e+03
1.605264103210825169e+03
1.603620262749583162e+03
1.601977099088413524e+03
1.600334645007950257e+03
1.598692932712963966e+03
1.597051993841439753e+03
1.595411859473493678e+03
1.593772560140154383e+03
1.592134125831987831e+03
1.590496586007589258e+03
1.588859969601930061e+03
1.587224305034571444e+03
1.585589620217738457e+03
1.583955942564268980e+03
1.582323298995422419e+03
1.580691715948573801e+03
1.579061219384768265e+03
1.577431834796165958e+03
1.575803587213354604e+03
1.574176501212550193e+03
1.572550600922676495e+03
1.570925910032334968e+03
1.569302451796657351e+03
1.567680249044045922e+03
1.566059324182811679e+03
1.564439699207698823e+03
1.562821395706308294e+03
1.561204434865415806e+03
1.559588837477188690e+03
1.557974623945302255e+03
1.556361814290961092e+03
1.554750428158820114e+03
1.553140484822815324e+03
1.551532003191893637e+03
1.549925001815661972e+03
1.548319498889937904e+03
1.546715512262212314e+03
1.545113059437035872e+03
1.543512157581301608e+03
1.541912823529461093e+03
1.540315073788648533e+03
1.538718924543725279e+03
1.537124391662245898e+03
1.535531490699346023e+03
1.533940236902551533e+03
1.532350645216512476e+03
1.530762730287664908e+03
1.529176506468813614e+03
1.527591987823652971e+03
1.526009188131203473e+03
1.524428120890190257e+03
1.522848799323348885e+03
1.521271236381662220e+03
1.519695444748533191e+03
1.518121436843892525e+03
1.516549224828241904e+03
1.514978820606633462e+03
1.513410235832590615e+03
1.511843481911962272e+03
1.510278570006723157e+03
1.508715511038712521e+03
1.507154315693313947e+03
1.505594994423081516e+03
1.504037557451306384e+03
1.502482014775529478e+03
1.500928376171004174e+03
1.499376651194097803e+03
1.497826849185648143e+03
