# d_l
# unit = Mpc
0.000000000000000000e+00
4.508855975118977000e+01
9.086322712577114658e+01
1.373166685824481590e+02
1.844415659663709732e+02
2.322306194280684792e+02
2.806765502621384485e+02
3.297721036634208645e+02
3.795100513986811279e+02
4.298831943920624212e+02
4.808843652228634937e+02
5.325064305344117201e+02
5.847422933530793898e+02
6.375848953167206901e+02
6.910272188120296732e+02
7.450622890205449949e+02
7.996831758732669186e+02
8.548829959139967514e+02
9.106549140717723958e+02
9.669921453429066105e+02
1.023887956383324422e+03
1.081335667012072690e+03
1.139328651627001818e+03
1.197860340533781709e+03
1.256924221189539594e+03
1.316513839362529325e+03
1.376622800209345996e+03
1.437244769271311498e+03
1.498373473391749712e+03
1.560002701555937620e+03
1.622126305655601072e+03
1.684738201179886346e+03
1.747832367834803335e+03
1.811402850093157213e+03
1.875443757677046960e+03
1.939949265975034905e+03
2.004913616396111820e+03
2.070331116662598561e+03
2.136196141044130854e+03
2.202503130534902539e+03
2.269246592976287502e+03
2.336421103127041079e+03
2.404021302683158865e+03
2.472041900249549599e+03
2.540477671265608024e+03
2.609323457886757296e+03
2.678574168824022763e+03
2.748224779143615706e+03
2.818270330028545231e+03
2.888705928504164604e+03
2.959526747129575597e+03
3.030728023656733058e+03
3.102305060659087303e+03
3.174253225131500130e+03
3.246567948063188396e+03
3.319244723985370001e+03
3.392279110495209352e+03
3.465666727757672106e+03
3.539403257986830795e+03
3.613484444908022851e+03
3.687906093202420379e+03
3.762664067935246749e+03
3.837754293969103855e+03
3.913172755363558736e+03
3.988915494762375147e+03
4.064978612769402844e+03
4.141358267314416480e+03
4.218050673009856837e+03
4.295052100499657172e+03
4.372358875800983697e+03
4.449967379640019317e+03
4.527874046782550977e+03
4.606075365360304204e+03
4.684567876193847951e+03
4.763348172112805514e+03
4.842412897274156421e+03
4.921758746479325055e+03
5.001382464490717211e+03
5.081280845348335788e+03
5.161450731687055850e+03
5.241889014055187545e+03
5.322592630234753415e+03
5.403558564564075823e+03
5.484783847263069219e+03
5.566265553761715637e+03
5.648000804032141787e+03
5.729986761924622442e+03
5.812220634507966679e+03
5.894699671414460681e+03
5.977421164189903720e+03
6.060382445648765497e+03
6.143580889234941424e+03
6.227013908388205891e+03
6.310678955916675477e+03
6.394573523375417608e+03
6.478695140451451152e+03
6.563041374355233529e+03
6.647609829218870800e+03
6.732398145501109866e+03
6.817403999399271925e+03
6.902625102268218143e+03
6.988059200046460319e+03
7.073704072689468376e+03
7.159557533610255632e+03
7.245617429127293690e+03
7.331881637919823334e+03
7.418348070490565078e+03
7.505014668635858470e+03
7.591879404923264701e+03
7.678940282176666187e+03
7.766195332968774892e+03
7.853642619121123971e+03
7.941280231211498176e+03
8.029106288088807560e+03
8.117118936395322635e+03
8.205316350096281894e+03
8.293696730016830770e+03
8.382258303386250191e+03
8.470999323389398342e+03
8.559918068725366538e+03
8.649012843173202782e+03
8.738281975164800315e+03
8.827723817364698334e+03
8.917336746256902188e+03
9.007119161738512048e+03
9.097069486720196437e+03
9.187186166733412392e+03
9.277467669544237651e+03
9.367912484773798496e+03
9.458519123525227769e+03
9.549286118017025728e+03
9.640212021222771000e+03
9.731295406517063384e+03
9.822534867327700340e+03
9.913929016793908886e+03
1.000547648743062200e+04
1.009717593079862127e+04
1.018902601718060032e+04
1.028102543526294357e+04
1.037317289182318200e+04
1.046546711142302593e+04
1.055790683610693850e+04
1.065049082510607514e+04
1.074321785454759993e+04
1.083608671716924437e+04
1.092909622203898653e+04
1.102224519427984706e+04
1.111553247479971287e+04
1.120895692002600299e+04
1.130251740164523471e+04
1.139621280634725190e+04
1.149004203557428991e+04
1.158400400527440615e+04
1.167809764565961450e+04
1.177232190096835438e+04
1.186667572923234002e+04
1.196115810204769696e+04
1.205576800435028053e+04
1.215050443419512339e+04
1.224536640253999576e+04
1.234035293303283834e+04
1.243546306180321153e+04
1.253069583725750635e+04
1.262605031987797338e+04
1.272152558202542605e+04
1.281712070774557651e+04
1.291283479257893123e+04
1.300866694337418630e+04
1.310461627810510254e+04
1.320068192569062376e+04
1.329686302581847121e+04
1.339315872877181027e+04
1.348956819525923493e+04
1.358609059624779366e+04
1.368272511279911669e+04
1.377947093590848090e+04
1.387632726634695064e+04
1.397329331450627433e+04
1.407036830024670417e+04
1.416755145274754068e+04
1.426484201036044033e+04
1.436223922046540065e+04
1.445974233932935931e+04
1.455735063196731244e+04
1.465506337200610687e+04
1.475287984155051163e+04
1.485079933105186865e+04
1.494882113917904462e+04
1.504694457269177838e+04
1.514516894631623654e+04
1.524349358262289570e+04
1.534191781190654183e+04
1.544044097206852348e+04
1.553906240850103859e+04
1.563778147397356224e+04
1.573659752852122983e+04
1.583550993933530481e+04
1.593451808065553087e+04
1.603362133366447597e+04
1.613281908638365530e+04
1.623211073357159694e+04
1.633149567662367735e+04
1.643097332347371776e+04
1.653054308849732479e+04
1.663020439241699205e+04
1.672995666220874773e+04
1.682979933101059942e+04
1.692973183803244683e+04
1.702975362846767530e+04
1.712986415340622989e+04
1.723006286974925752e+04
1.733034924012513875e+04
1.743072273280715308e+04
1.753118282163238473e+04
1.763172898592212732e+04
1.773236071040367824e+04
1.783307748513344268e+04
1.793387880542136190e+04
1.803476417175666575e+04
1.813573308973485109e+04
1.823678506998598095e+04
1.833791962810413315e+04
1.843913628457810773e+04
1.854043456472324033e+04
1.864181399861446334e+04
1.874327412102044036e+04
1.884481447133881375e+04
1.894643459353254730e+04
1.904813403606736756e+04
1.914991234141165842e+04
1.925176908734339304e+04
1.935370382540737046e+04
1.945571612147485939e+04
1.955780554562227189e+04
1.965997167207466555e+04
1.976221407914999509e+04
1.986453234920446630e+04
1.996692606857869396e+04
2.006939482754473283e+04
2.017193822025403642e+04
2.027455584468621964e+04
2.037724730259865464e+04
2.048001219947695063e+04
2.058285014448611764e+04
2.068576075042263619e+04
2.078874363366728358e+04
2.089179841413860049e+04
2.099492471524728899e+04
2.109812216385119609e+04
2.120139039021109420e+04
2.130472902794711626e+04
2.140813771399595498e+04
2.151161608856863677e+04
2.161516379510905972e+04
2.171878048025314638e+04
2.182246579378864408e+04
2.192621938861554372e+04
2.203004092070711340e+04
2.213393004907162685e+04
2.223788643571453940e+04
2.234190974560138056e+04
2.244599964662115599e+04
2.255015580955034238e+04
2.265437790801739538e+04
2.275866561846793411e+04
2.286301862013020218e+04
2.296743659498140914e+04
2.307191922771422105e+04
2.317646620570409141e+04
2.328107721897677038e+04
2.338575196017662165e+04
2.349049012453516480e+04
2.359529140984026526e+04
2.370015551640564809e+04
2.380508214704096463e+04
2.391007100702229945e+04
2.401512180406308835e+04
2.412023424828543284e+04
2.422540805219195317e+04
2.433064293063793593e+04
2.443593860080396189e+04
2.454129478216896314e+04
2.464671119648354215e+04
2.475218756774390567e+04
2.485772362216588954e+04
2.496331908815966381e+04
2.506897369630456160e+04
2.517468717932444270e+04
2.528045927206330452e+04
2.538628971146128606e+04
2.549217823653103551e+04
2.559812458833437631e+04
2.570412850995931149e+04
2.581018974649744632e+04
2.591630804502154933e+04
2.602248315456362616e+04
2.612871482609318991e+04
2.623500281249584077e+04
2.634134686855217660e+04
2.644774675091707832e+04
2.655420221809908253e+04
2.666071303044023443e+04
2.676727895009609711e+04
2.687389974101616463e+04
2.698057516892442072e+04
2.708730500130020300e+04
2.719408900735939824e+04
2.730092695803578681e+04
2.740781862596275823e+04
2.751476378545516127e+04
2.762176221249150694e+04
2.772881368469632071e+04
2.783591798132282929e+04
2.794307488323572761e+04
2.805028417289445861e+04
2.815754563433635849e+04
2.826485905316030767e+04
2.837222421651051991e+04
2.847964091306044065e+04
2.858710893299703821e+04
2.869462806800518229e+04
2.880219811125225169e+04
2.890981885737296398e+04
2.901749010245440877e+04
2.912521164402127033e+04
2.923298328102121741e+04
2.934080481381050049e+04
2.944867604413980007e+04
2.955659677514013310e+04
2.966456681130903962e+04
2.977258595849694029e+04
2.988065402389360315e+04
2.998877081601484679e+04
3.009693614468943997e+04
3.020514982104604860e+04
3.031341165750049913e+04
3.042172146774312569e+04
3.053007906672620447e+04
3.063848427065171563e+04
3.074693689695912690e+04
3.085543676431339190e+04
3.096398369259308674e+04
3.107257750287866293e+04
3.118121801744091135e+04
3.128990505972952087e+04
3.139863845436176780e+04
3.150741802711141281e+04
3.161624360489764513e+04
3.172511501577425952e+04
3.183403208891886970e+04
3.194299465462235821e+04
3.205200254427835171e+04
3.216105559037288185e+04
3.227015362647414440e+04
3.237929648722247293e+04
3.248848400832029438e+04
3.259771602652228103e+04
3.270699237962560801e+04
3.281631290646037814e+04
3.292567744688007224e+04
3.303508584175218857e+04
3.314453793294895149e+04
3.325403356333811098e+04
3.336357257677390589e+04
3.347315481808814366e+04
3.358278013308133086e+04
3.369244836851388391e+04
3.380215937209758704e+04
3.391191299248697032e+04
3.402170907927084045e+04
3.413154748296412436e+04
3.424142805499934911e+04
3.435135064771875477e+04
3.446131511436605797e+04
3.457132130907860846e+04
3.468136908687942196e+04
3.479145830366949667e+04
3.490158881622005720e+04
3.501176048216495838e+04
3.512197315999321290e+04
3.523222670904146798e+04
3.534252098948682396e+04
3.545285586233937647e+04
3.556323118943515874e+04
3.567364683342904027e+04
3.578410265778764006e+04
3.589459852678245079e+04
3.600513430548291944e+04
3.611570985974968062e+04
3.622632505622788449e+04
3.633697976234050293e+04
3.644767384628178115e+04
3.655840717701074027e+04
3.666917962424480356e+04
3.677999105845334998e+04
3.689084135085155867e+04
3.700173037339405710e+04
3.711265799876888195e+04
3.722362410039138194e+04
3.733462855239815690e+04
3.744567122964120063e+04
