# d_m
# unit = Mpc
0.000000000000000000e+00
4.464213836751462594e+01
8.908159522134425856e+01
1.333171539635418981e+02
1.773476595830489941e+02
2.211720185029223558e+02
2.647891983605079531e+02
3.081982277228232192e+02
3.513981957395195650e+02
3.943882517358370592e+02
4.371676047480576699e+02
4.797355230039744924e+02
5.220913333509637368e+02
5.642344206342661437e+02
6.061642270280960929e+02
6.478802513222130983e+02
6.893820481666094793e+02
7.306692272769203100e+02
7.717414526031969899e+02
8.125984414646273990e+02
8.532399636527703706e+02
8.936658405058451535e+02
9.338759439565588991e+02
9.738701955559200769e+02
1.013648565475435134e+03
1.053211071490023414e+03
1.092557777943925430e+03
1.131688794701820143e+03
1.170604276087304470e+03
1.209304419810804347e+03
1.247789465888923814e+03
1.286059695557165014e+03
1.324115430177881308e+03
1.361957030145230874e+03
1.399584893788840873e+03
1.436999456277803574e+03
1.474201188526552869e+03
1.511190596104086580e+03
1.547968218147921107e+03
1.584534626284102387e+03
1.620890423554491235e+03
1.657036243352511519e+03
1.692972748368421662e+03
1.728700629545139691e+03
1.764220605045561115e+03
1.799533419232246615e+03
1.834639841660289676e+03
1.869540666084092436e+03
1.904236709478746889e+03
1.938728811076620559e+03
1.973017831419716913e+03
2.007104651428300031e+03
2.040990171486241707e+03
2.074675310543464093e+03
2.108161005235836456e+03
2.141448209022819356e+03
2.174537891343082720e+03
2.207431036788326310e+03
2.240128644295462436e+03
2.272631726357247317e+03
2.304941308251512510e+03
2.337058427288973235e+03
2.368984132079693609e+03
2.400719481818134227e+03
2.432265545586813914e+03
2.463623401678426035e+03
2.494794136936395262e+03
2.525778846113686996e+03
2.556578631249795762e+03
2.587194601065671122e+03
2.617627870376481951e+03
2.647879559521959436e+03
2.677950793814130520e+03
2.707842703002224425e+03
2.737556420754485771e+03
2.767093084156660552e+03
2.796453833226889401e+03
2.825639810446733009e+03
2.854652160308053681e+03
2.883492028875450160e+03
2.912160563363992878e+03
2.940658911731908120e+03
2.968988222287954159e+03
2.997149643313152410e+03
3.025144322696584823e+03
3.052973407584941469e+03
3.080638044045496372e+03
3.108139376742227796e+03
3.135478548624713312e+03
3.162656700629578609e+03
3.189674971394087152e+03
3.216534496981644679e+03
3.243236410618857462e+03
3.269781842443872847e+03
3.296171919265679207e+03
3.322407764334077456e+03
3.348490497120017153e+03
3.374421233106025738e+03
3.400201083586419372e+03
3.425831155477021184e+03
3.451312551134109071e+03
3.476646368182318838e+03
3.501833699351222094e+03
3.526875632320322438e+03
3.551773249572202531e+03
3.576527628253572857e+03
3.601139840043963432e+03
3.625610951031815148e+03
3.649942021597723397e+03
3.674134106304625220e+03
3.698188253794654429e+03
3.722105506692475046e+03
3.745886901514857527e+03
3.769533468586294930e+03
3.793046231960431669e+03
3.816426209347107942e+03
3.839674412044828841e+03
3.862791844878456232e+03
3.885779506141926504e+03
3.908638387545829573e+03
3.931369474169637215e+03
3.953973744418461592e+03
3.976452169984098418e+03
3.998805715810269703e+03
4.021035340061835541e+03
4.043141994097865336e+03
4.065126622448412945e+03
4.086990162794817934e+03
4.108733545953419707e+03
4.130357695862544460e+03
4.151863529572619882e+03
4.173251957239294825e+03
4.194523882119423433e+03
4.215680200569828230e+03
4.236721802048678910e+03
4.257649569119413172e+03
4.278464377457042247e+03
4.299167095856792912e+03
4.319758586244934122e+03
4.340239703691708200e+03
4.360611296426261106e+03
4.380874205853500825e+03
4.401029266572758388e+03
4.421077306398189648e+03
4.441019146380837810e+03
4.460855600832239361e+03
4.480587477349531582e+03
4.500215576841989787e+03
4.519740693558872408e+03
4.539163615118567577e+03
4.558485122538901123e+03
4.577705990268641472e+03
4.596826986220002254e+03
4.615848871802219037e+03
4.634772401956044632e+03
4.653598325189153002e+03
4.672327383612381709e+03
4.690960312976761998e+03
4.709497842711288285e+03
4.727940695961388883e+03
4.746289589628014255e+03
4.764545234407360113e+03
4.782708334831108914e+03
4.800779589307214337e+03
4.818759690161146864e+03
4.836649323677575921e+03
4.854449170142454932e+03
4.872159903885462882e+03
4.889782193322799685e+03
4.907316701000231660e+03
4.924764083636470787e+03
4.942124992166719494e+03
4.959400071786483750e+03
4.976589961995528938e+03
4.993695296642013091e+03
5.010716703966720161e+03
5.027654806647446094e+03
5.044510221843420368e+03
5.061283561239821211e+03
5.077975431092308099e+03
5.094586432271586091e+03
5.111117160307971972e+03
5.127568205435942218e+03
5.143940152638626387e+03
5.160233581692291409e+03
5.176449067210705834e+03
5.192587178689464054e+03
5.208648480550189561e+03
5.224633532184645446e+03
5.240542887998698461e+03
5.256377097456171214e+03
5.272136705122522471e+03
5.287822250708398315e+03
5.303434269112983202e+03
5.318973290467198240e+03
5.334439840176687539e+03
5.349834438964629953e+03
5.365157602914320705e+03
5.380409843511569306e+03
5.395591667686840992e+03
5.410703577857198979e+03
5.425746071967999342e+03
5.440719643534343959e+03
5.455624781682286084e+03
5.470461971189800352e+03
5.485231692527459018e+03
5.499934421898889013e+03
5.514570631280927955e+03
5.529140788463530953e+03
5.543645357089395475e+03
5.558084796693308817e+03
5.572459562741202717e+03
5.586770106668958761e+03
5.601016875920890016e+03
5.615200313987937989e+03
5.629320860445612198e+03
5.643378950991595048e+03
5.657375017483079318e+03
5.671309487973793694e+03
5.685182786750737250e+03
5.698995334370618366e+03
5.712747547695991670e+03
5.726439839931088500e+03
5.740072620657349944e+03
5.753646295868660673e+03
5.767161268006289902e+03
5.780617935993501305e+03
5.794016695269891898e+03
5.807357937825417139e+03
5.820642049061294529e+03
5.833869420407088910e+03
5.847040430636668134e+03
5.860155458275559795e+03
5.873214878565247091e+03
5.886219063495409500e+03
5.899168381835819673e+03
5.912063199167996572e+03
5.924903877916525744e+03
5.937690777380098552e+03
5.950424253762252192e+03
5.963104660201829574e+03
5.975732346803124528e+03
5.988307660665775074e+03
6.000830945914319273e+03
6.013302543727510965e+03
6.025722792367328111e+03
6.038092027207688261e+03
6.050410580762906648e+03
6.062678782715861416e+03
6.074896959945872368e+03
6.087065436556318673e+03
6.099184533901981922e+03
6.111254570616089950e+03
6.123275862637127830e+03
6.135248723235352372e+03
6.147173463039054695e+03
6.159050390060545396e+03
6.170879809721880520e+03
6.182662024880342869e+03
6.194397335853632285e+03
6.206086040444827631e+03
6.217728433967079582e+03
6.229324809268050558e+03
6.240875456754103652e+03
6.252380664414266903e+03
6.263840717843891071e+03
6.275255900268144615e+03
6.286626492565183071e+03
6.297952773289154720e+03
6.309235018692891572e+03
6.320473502750437547e+03
6.331668497179290171e+03
6.342820271462436722e+03
6.353929092870146633e+03
6.364995226481541067e+03
6.376018935205946946e+03
6.387000479804013594e+03
6.397940118908602926e+03
6.408838109045490455e+03
6.419694704653808913e+03
6.430510158106306335e+03
6.441284719729386779e+03
6.452018637822917299e+03
6.462712158679871209e+03
6.473365526605700325e+03
6.483978983937574412e+03
6.494552771063357795e+03
6.505087126440424072e+03
6.515582286614253462e+03
6.526038486236834615e+03
6.536455958084880876e+03
6.546834933077845562e+03
6.557175640295742596e+03
6.567478306996805259e+03
6.577743158634911197e+03
6.587970418876867370e+03
6.598160309619492182e+03
6.608313051006508431e+03
6.618428861445270741e+03
6.628507957623327457e+03
6.638550554524770632e+03
6.648556865446443226e+03
6.658527102013955300e+03
6.668461474197560165e+03
6.678360190327826786e+03
6.688223457111161224e+03
6.698051479645170730e+03
6.707844461433854121e+03
6.717602604402636643e+03
6.727326108913242933e+03
6.737015173778417193e+03
6.746669996276477832e+03
6.756290772165734779e+03
6.765877695698723983e+03
6.775430959636341868e+03
6.784950755261772429e+03
6.794437272394304273e+03
6.803890699403002145e+03
6.813311223220202010e+03
6.822699029354902450e+03
6.832054301905995089e+03
6.841377223575356766e+03
6.850667975680796189e+03
6.859926738168890552e+03
6.869153689627657513e+03
6.878349007299109871e+03
6.887512867091667431e+03
6.896645443592459742e+03
6.905746910079471490e+03
6.914817438533576023e+03
6.923857199650451548e+03
6.932866362852343627e+03
6.941845096299732177e+03
6.950793566902872954e+03
6.959711940333190796e+03
6.968600381034598286e+03
6.977459052234662522e+03
6.986288115955652756e+03
6.995087733025506168e+03
7.003858063088638119e+03
7.012599264616679648e+03
7.021311494919066718e+03
7.029994910153543969e+03
7.038649665336549333e+03
7.047275914353496773e+03
7.055873809968936257e+03
7.064443503836640048e+03
7.072985146509538936e+03
7.081498887449611175e+03
7.089984875037609527e+03
7.098443256582746471e+03
7.106874178332229349e+03
7.115277785480726379e+03
7.123654222179723547e+03
7.132003631546800534e+03
7.140326155674790243e+03
7.148621935640850097e+03
7.156891111515449666e+03
7.165133822371260976e+03
7.173350206291955146e+03
7.181540400380911706e+03
7.189704540769838786e+03
7.197842762627296906e+03
7.205955200167149997e+03
7.214041986656926383e+03
7.222103254426091553e+03
7.230139134874224510e+03
7.238149758479141383e+03
7.246135254804908982e+03
7.254095752509774684e+03
7.262031379354069031e+03
7.269942262207930071e+03
7.277828527059057706e+03
7.285690299020307975e+03
7.293527702337258233e+03
7.301340860395667733e+03
7.309129895728886368e+03
7.316894930025169742e+03
7.324636084134928751e+03
7.332353478077914588e+03
7.340047231050305527e+03
7.347717461431771881e+03
7.355364286792400890e+03
7.362987823899618888e+03
7.370588188725007967e+03
7.378165496451060790e+03
7.385719861477870836e+03
7.393251397429757162e+03
7.400760217161820037e+03
7.408246432766438375e+03
7.415710155579694401e+03
7.423151496187734665e+03
7.430570564433077379e+03
7.437967469420852467e+03
7.445342319524969753e+03
7.452695222394253506e+03
7.460026284958479664e+03
7.467335613434382140e+03
7.474623313331601821e+03
7.481889489458548269e+03
7.489134245928240489e+03
