# h
# unit = 1.0/Mpc
2.234983572352491476e-04
2.245122193463932160e-04
2.255416671529500460e-04
2.265866868627989259e-04
2.276472617421119364e-04
2.287233721939420741e-04
2.298149958375429942e-04
2.309221075882767979e-04
2.320446797379702728e-04
2.331826820355805915e-04
2.343360817680401748e-04
2.355048438411503167e-04
2.366889308604001353e-04
2.378883032115924271e-04
2.391029191411603609e-04
2.403327348360674858e-04
2.415777045031856690e-04
2.428377804480523277e-04
2.441129131529134425e-04
2.454030513539639364e-04
2.467081421177020435e-04
2.480281309163209877e-04
2.493629617020647602e-04
2.507125769804808028e-04
2.520769178825088270e-04
2.534559242353478462e-04
2.548495346320507875e-04
2.562576864997984376e-04
2.576803161668122805e-04
2.591173589278683901e-04
2.605687491083784400e-04
2.620344201270116496e-04
2.635143045568313718e-04
2.650083341849269179e-04
2.665164400705252756e-04
2.680385526015688987e-04
2.695746015497504054e-04
2.711245161240013676e-04
2.726882250224277088e-04
2.742656564826987590e-04
2.758567383308870393e-04
2.774613980287703218e-04
2.790795627196010617e-04
2.807111592723559408e-04
2.823561143244785322e-04
2.840143543231300489e-04
2.856858055649654686e-04
2.873703942344535216e-04
2.890680464407619529e-04
2.907786882532282808e-04
2.925022457354413126e-04
2.942386449779548310e-04
2.959878121296620197e-04
2.977496734278537761e-04
2.995241552269901843e-04
3.013111840262116571e-04
3.031106864956184792e-04
3.049225895013465059e-04
3.067468201294704599e-04
3.085833057087606843e-04
3.104319738323268541e-04
3.122927523781753706e-04
3.141655695287118820e-04
3.160503537892180395e-04
3.179470340053330108e-04
3.198555393795680479e-04
3.217757994868853874e-04
3.237077442893685365e-04
3.256513041500153300e-04
3.276064098456799435e-04
3.295729925791937858e-04
3.315509839906929717e-04
3.335403161681790483e-04
3.355409216573407814e-04
3.375527334706630270e-04
3.395756850958495717e-04
3.416097105035838526e-04
3.436547441546549840e-04
3.457107210064714275e-04
3.477775765189871867e-04
3.498552466600641088e-04
3.519436679102925180e-04
3.540427772672931133e-04
3.561525122495208377e-04
3.582728108995929988e-04
3.604036117871617004e-04
3.625448540113489064e-04
3.646964772027680435e-04
3.668584215251438001e-04
3.690306276765567355e-04
3.712130368903230021e-04
3.734055909355306455e-04
3.756082321172479884e-04
3.778209032764198727e-04
3.800435477894659620e-04
3.822761095676010558e-04
3.845185330558836476e-04
3.867707632320152252e-04
3.890327456048981196e-04
3.913044262129669712e-04
3.935857516223059053e-04
3.958766689245648033e-04
3.981771257346836167e-04
4.004870701884378418e-04
4.028064509398159433e-04
4.051352171582381584e-04
4.074733185256273625e-04
4.098207052333399636e-04
4.121773279789685360e-04
4.145431379630231316e-04
4.169180868855002680e-04
4.193021269423457187e-04
4.216952108218237913e-04
4.240972917007942316e-04
4.265083232409087877e-04
4.289282595847311759e-04
4.313570553517882540e-04
4.337946656345586897e-04
4.362410459944036792e-04
4.386961524574478459e-04
4.411599415104114591e-04
4.436323700964047052e-04
4.461133956106837412e-04
4.486029758963768236e-04
4.511010692401811644e-04
4.536076343680398373e-04
4.561226304407977597e-04
4.586460170498430906e-04
4.611777542127378426e-04
4.637178023688389513e-04
4.662661223749164181e-04
4.688226755007678754e-04
4.713874234248354280e-04
4.739603282298259098e-04
4.765413523983372669e-04
4.791304588084947520e-04
4.817276107295971480e-04
4.843327718177767608e-04
4.869459061116756214e-04
4.895669780281375165e-04
4.921959523579202403e-04
4.948327942614279577e-04
4.974774692644662278e-04
5.001299432540210962e-04
5.027901824740634495e-04
5.054581535213786316e-04
5.081338233414250082e-04
5.108171592242218050e-04
5.135081288002658938e-04
5.162067000364787194e-04
5.189128412321861866e-04
5.216265210151310727e-04
5.243477083375178583e-04
5.270763724720911678e-04
5.298124830082503144e-04
5.325560098481977797e-04
5.353069232031231481e-04
5.380651935894234690e-04
5.408307918249595069e-04
5.436036890253504806e-04
5.463838566003038216e-04
5.491712662499827723e-04
5.519658899614123633e-04
5.547677000049224720e-04
5.575766689306299118e-04
5.603927695649557573e-04
5.632159750071839789e-04
5.660462586260567221e-04
5.688835940564076436e-04
5.717279551958337350e-04
5.745793162014053122e-04
5.774376514864136252e-04
5.803029357171580419e-04
5.831751438097683600e-04
5.860542509270672343e-04
5.889402324754693585e-04
5.918330641019188109e-04
5.947327216908621789e-04
5.976391813612604974e-04
6.005524194636366418e-04
6.034724125771608830e-04
6.063991375067717899e-04
6.093325712803339921e-04
6.122726911458305308e-04
6.152194745685935894e-04
6.181728992285681840e-04
6.211329430176115241e-04
6.240995840368281523e-04
6.270728005939391276e-04
6.300525712006848191e-04
6.330388745702628280e-04
6.360316896147984352e-04
6.390309954428490934e-04
6.420367713569410115e-04
6.450489968511405412e-04
6.480676516086546213e-04
6.510927154994654818e-04
6.541241685779973329e-04
6.571619910808124349e-04
6.602061634243395864e-04
6.632566662026328618e-04
6.663134801851603806e-04
6.693765863146234349e-04
6.724459657048049988e-04
6.755215996384474021e-04
6.786034695651591703e-04
6.816915570993498357e-04
6.847858440181932640e-04
6.878863122596199286e-04
6.909929439203345552e-04
6.941057212538626064e-04
6.972246266686227874e-04
7.003496427260269813e-04
7.034807521386049044e-04
7.066179377681559761e-04
7.097611826239259066e-04
7.129104698608081147e-04
7.160657827775715988e-04
7.192271048151110350e-04
7.223944195547230039e-04
7.255677107164048775e-04
7.287469621571777750e-04
7.319321578694321789e-04
7.351232819792975120e-04
7.383203187450336144e-04
7.415232525554432555e-04
7.447320679283103402e-04
7.479467495088545958e-04
7.511672820682121707e-04
7.543936505019352076e-04
7.576258398285116904e-04
7.608638351879081678e-04
7.641076218401284155e-04
7.673571851637982265e-04
7.706125106547626709e-04
7.738735839247094838e-04
7.771403906998057901e-04
7.804129168193579217e-04
7.836911482344872818e-04
7.869750710068258324e-04
7.902646713072278457e-04
7.935599354145025800e-04
7.968608497141597491e-04
8.001674006971779777e-04
8.034795749587845311e-04
8.067973591972561883e-04
8.101207402127341001e-04
8.134497049060562118e-04
8.167842402776043231e-04
8.201243334261689279e-04
8.234699715478274989e-04
8.268211419348404445e-04
8.301778319745587754e-04
8.335400291483512861e-04
8.369077210305412781e-04
8.402808952873624731e-04
8.436595396759252264e-04
8.470436420432006291e-04
8.504331903250138269e-04
8.538281725450553358e-04
8.572285768139036337e-04
8.606343913280605461e-04
8.640456043690014848e-04
8.674622043022363121e-04
8.708841795763844077e-04
8.743115187222626379e-04
8.777442103519829744e-04
8.811822431580653998e-04
8.846256059125612217e-04
8.880742874661866869e-04
8.915282767474727501e-04
8.949875627619187455e-04
8.984521345911655743e-04
9.019219813921749637e-04
9.053970923964200015e-04
9.088774569090872718e-04
9.123630643082904831e-04
9.158539040442920109e-04
9.193499656387385359e-04
9.228512386839016679e-04
9.263577128419326658e-04
9.298693778441261557e-04
9.333862234901918725e-04
9.369082396475383271e-04
9.404354162505630882e-04
9.439677432999563989e-04
9.475052108620075041e-04
9.510478090679283254e-04
9.545955281131773525e-04
9.581483582567995811e-04
9.617062898207695944e-04
9.652693131893475475e-04
9.688374188084392710e-04
9.724105971849680841e-04
9.759888388862530051e-04
9.795721345393947673e-04
9.831604748306696420e-04
9.867538505049344277e-04
9.903522523650337174e-04
9.939556712712158387e-04
9.975640981405619126e-04
1.001177523946413829e-03
1.004795939717815882e-03
1.008419336538960093e-03
1.012047705548640205e-03
1.015681037939710233e-03
1.019319324958554724e-03
1.022962557904558796e-03
1.026610728129590758e-03
1.030263827037489069e-03
1.033921846083554925e-03
1.037584776774051146e-03
1.041252610665709729e-03
1.044925339365241788e-03
1.048602954528857689e-03
1.052285447861789347e-03
1.055972811117820770e-03
1.059665036098824450e-03
1.063362114654300581e-03
1.067064038680927114e-03
1.070770800122110462e-03
1.074482390967541629e-03
1.078198803252765131e-03
1.081920029058741411e-03
1.085646060511425955e-03
1.089376889781345798e-03
1.093112509083184062e-03
1.096852910675369473e-03
1.100598086859671306e-03
1.104348029980797797e-03
1.108102732425999973e-03
1.111862186624681340e-03
1.115626385048008873e-03
1.119395320208534626e-03
1.123168984659815833e-03
1.126947370996041718e-03
1.130730471851667043e-03
1.134518279901046076e-03
1.138310787858072201e-03
1.142107988475825342e-03
1.145909874546217422e-03
1.149716438899646941e-03
1.153527674404653978e-03
1.157343573967583444e-03
1.161164130532247891e-03
1.164989337079597263e-03
1.168819186627388651e-03
1.172653672229867971e-03
1.176492786977444268e-03
1.180336523996377901e-03
1.184184876448464603e-03
1.188037837530729092e-03
1.191895400475118019e-03
1.195757558548197911e-03
1.199624305050858535e-03
1.203495633318014523e-03
1.207371536718316761e-03
1.211252008653862467e-03
1.215137042559909838e-03
1.219026631904597015e-03
1.222920770188661932e-03
1.226819450945169096e-03
1.230722667739234848e-03
1.234630414167756096e-03
1.238542683859149675e-03
1.242459470473083680e-03
1.246380767700218991e-03
1.250306569261951453e-03
1.254236868910156436e-03
1.258171660426937516e-03
1.262110937624377109e-03
1.266054694344289928e-03
1.270002924457979028e-03
1.273955621865994472e-03
1.277912780497896753e-03
1.281874394312018271e-03
1.285840457295231096e-03
1.289810963462717768e-03
1.293785906857740798e-03
1.297765281551419101e-03
1.301749081642500968e-03
1.305737301257147874e-03
1.309729934548712650e-03
1.313726975697524597e-03
1.317728418910675244e-03
1.321734258421806930e-03
1.325744488490903771e-03
1.329759103404083926e-03
1.333778097473393379e-03
1.337801465036607754e-03
1.341829200457025223e-03
1.345861298123274177e-03
1.349897752449112859e-03
1.353938557873236382e-03
1.357983708859084818e-03
1.362033199894651953e-03
1.366087025492296846e-03
1.370145180188559950e-03
1.374207658543974463e-03
1.378274455142887217e-03
1.382345564593277397e-03
