# mu
-inf
3.327033181502246606e+01
3.479194078643145360e+01
3.568861629266566382e+01
3.632929400429254940e+01
3.682959740285160422e+01
3.724103065032628024e+01
3.759106957343975353e+01
3.789611641379484297e+01
3.816675233694286362e+01
3.841020328641066328e+01
3.863162428335902376e+01
3.883482253354073777e+01
3.902269009935635324e+01
3.919747577049658815e+01
3.936096291170842676e+01
3.951458979606566402e+01
3.965953339407295175e+01
3.979676917736398423e+01
3.992711473211052464e+01
4.005126217291207524e+01
4.016980264045380977e+01
4.028324509537295484e+01
4.039203093137165013e+01
4.049654547629265977e+01
4.059712714412721368e+01
4.069407479123132987e+01
4.078765368371742284e+01
4.087810037929198614e+01
4.096562675225250416e+01
4.105042333603915239e+01
4.113266211767926706e+01
4.121249888858751831e+01
4.129007523366934151e+01
4.136552022354074154e+01
4.143895186151917898e+01
4.151047832684911043e+01
4.158019904766956643e+01
4.164820563097350714e+01
4.171458267185190749e+01
4.177940846036310774e+01
4.184275560119694148e+01
4.190469155874326646e+01
4.196527913809714505e+01
4.202457691083745317e+01
4.208263959302529145e+01
4.213951838172255293e+01
4.219526125538260430e+01
4.224991324267584503e+01
4.230351666365442753e+01
4.235611134660827304e+01
4.240773482349951706e+01
4.245842250647038441e+01
4.250820784758656856e+01
4.255712248369533057e+01
4.260519636803624621e+01
4.265245789003578381e+01
4.269893398453967137e+01
4.274465023158445121e+01
4.278963094767755138e+01
4.283389926944153103e+01
4.287747723037884384e+01
4.292038583142763741e+01
4.296264510590383168e+01
4.300427417935925689e+01
4.304529132482797138e+01
4.308571401388273614e+01
4.312555896387885213e+01
4.316484218172369935e+01
4.320357900447571353e+01
4.324178413704593993e+01
4.327947168724811178e+01
4.331665519841931911e+01
4.335334767981170501e+01
4.338956163493666907e+01
4.342530908802605438e+01
4.346060160875930478e+01
4.349545033539242667e+01
4.352986599641167231e+01
4.356385893082462957e+01
4.359743910719095794e+01
4.363061614148627854e+01
4.366339931388488793e+01
4.369579758453939178e+01
4.372781960842911531e+01
4.375947374934293777e+01
4.379076809305708196e+01
4.382171045976327406e+01
4.385230841579840444e+01
4.388256928472276286e+01
4.391250015779019122e+01
4.394210790385020005e+01
4.397139917871901105e+01
4.400038043405376698e+01
4.402905792576144250e+01
4.405743772197180874e+01
4.408552571060164382e+01
4.411332760653527174e+01
4.414084895844489154e+01
4.416809515527243946e+01
4.419507143239309244e+01
4.422178287747934178e+01
4.424823443608303819e+01
4.427443091695183597e+01
4.430037699709511401e+01
4.432607722661374083e+01
4.435153603330682870e+01
4.437675772706792543e+01
4.440174650408225432e+01
4.442650645083584493e+01
4.445104154794663032e+01
4.447535567382722377e+01
4.449945260818807924e+01
4.452333603538963303e+01
4.454700954765107213e+01
4.457047664812328946e+01
4.459374075383288272e+01
4.461680519850371240e+01
4.463967323526222941e+01
4.466234803923228469e+01
4.468483271002490653e+01
4.470713027412813290e+01
4.472924368720184418e+01
4.475117583628197337e+01
4.477292954189862684e+01
4.479450756011200951e+01
4.481591258447006254e+01
4.483714724789149386e+01
4.485821412447751300e+01
4.487911573125569475e+01
4.489985452985884251e+01
4.492043292814202005e+01
4.494085328174018912e+01
4.496111789556945837e+01
4.498122902527400413e+01
4.500118887862143424e+01
4.502099961684843521e+01
4.504066335595919668e+01
4.506018216797830434e+01
4.507955808216023286e+01
4.509879308615714422e+01
4.511788912714683164e+01
4.513684811292228005e+01
4.515567191294460514e+01
4.517436235936074240e+01
4.519292124798732857e+01
4.521135033926213254e+01
4.522965135916437873e+01
4.524782600010510691e+01
4.526587592178876207e+01
4.528380275204718686e+01
4.530160808764706815e+01
4.531929349507176141e+01
4.533686051127862982e+01
4.535431064443268667e+01
4.537164537461750768e+01
4.538886615452423712e+01
4.540597441011949797e+01
4.542297154129300907e+01
4.543985892248561242e+01
4.545663790329841447e+01
4.547330980908388653e+01
4.548987594151921598e+01
4.550633757916298805e+01
4.552269597799542566e+01
4.553895237194294765e+01
4.555510797338754969e+01
4.557116397366154814e+01
4.558712154352818402e+01
4.560298183364852775e+01
4.561874597503528150e+01
4.563441507949374909e+01
4.564999024005055617e+01
4.566547253137044748e+01
4.568086301016159467e+01
4.569616271556976272e+01
4.571137266956175438e+01
4.572649387729840953e+01
4.574152732749760730e+01
4.575647399278744842e+01
4.577133483005007974e+01
4.578611078075635987e+01
4.580080277129171407e+01
4.581541171327343420e+01
4.582993850385966539e+01
4.584438402605042739e+01
4.585874914898079169e+01
4.587303472820659778e+01
4.588724160598278701e+01
4.590137061153474463e+01
4.591542256132271405e+01
4.592939825929957465e+01
4.594329849716220338e+01
4.595712405459651251e+01
4.597087569951644781e+01
4.598455418829710339e+01
4.599816026600210250e+01
4.601169466660542184e+01
4.602515811320783001e+01
4.603855131824812474e+01
4.605187498370921162e+01
4.606512980131933688e+01
4.607831645274848853e+01
4.609143560980009369e+01
4.610448793459830341e+01
4.611747407977073721e+01
4.613039468862709214e+01
4.614325039533348161e+01
4.615604182508283770e+01
4.616876959426129190e+01
4.618143431061082538e+01
4.619403657338808955e+01
4.620657697351977333e+01
4.621905609375428980e+01
4.623147450881015885e+01
4.624383278552102183e+01
4.625613148297741617e+01
4.626837115266536671e+01
4.628055233860199280e+01
4.629267557746804584e+01
4.630474139873756911e+01
4.631675032480472964e+01
4.632870287110790741e+01
4.634059954625099920e+01
4.635244085212229237e+01
4.636422728401058180e+01
4.637595933071893484e+01
4.638763747467599785e+01
4.639926219204491531e+01
4.641083395164635306e+01
4.642235321976014006e+01
4.643382045323663476e+01
4.644523610422131554e+01
4.645660061910550098e+01
4.646791443862236548e+01
4.647917799794087301e+01
4.649039172675791320e+01
4.650155604938844078e+01
4.651267138485385289e+01
4.652373814696852605e+01
4.653475674442466925e+01
4.654572758087534368e+01
4.655665105501601886e+01
4.656752756066430265e+01
4.657835748683817201e+01
4.658914121783270446e+01
4.659987913329519671e+01
4.661057160829886925e+01
4.662121901341511432e+01
4.663182171478432281e+01
4.664238007418536824e+01
4.665289444910366967e+01
4.666336519279806794e+01
4.667379265436628089e+01
4.668417717880921458e+01
4.669451910709398135e+01
4.670481877621572409e+01
4.671507651925833216e+01
4.672529266545392090e+01
4.673546754024130223e+01
4.674560146532321170e+01
4.675569475872264746e+01
4.676574773483800129e+01
4.677576070449730139e+01
4.678573397501130415e+01
4.679566785022579012e+01
4.680556263057275146e+01
4.681541861312069841e+01
4.682523609162409173e+01
4.683501535657180170e+01
4.684475669523477137e+01
4.685446039171272758e+01
4.686412672698015314e+01
4.687375597893137069e+01
4.688334842242484513e+01
4.689290432932671138e+01
4.690242396855350648e+01
4.691190760611414845e+01
4.692135550515122588e+01
4.693076792598148472e+01
4.694014512613568968e+01
4.694948736039772541e+01
4.695879488084307241e+01
4.696806793687655812e+01
4.697730677526954679e+01
4.698651164019637605e+01
4.699568277327029620e+01
4.700482041357866336e+01
4.701392479771767796e+01
4.702299615982637704e+01
4.703203473162020032e+01
4.704104074242392386e+01
4.705001441920397554e+01
4.705895598660038104e+01
4.706786566695796381e+01
4.707674368035723234e+01
4.708559024464460663e+01
4.709440557546221839e+01
4.710318988627717118e+01
4.711194338841040974e+01
4.712066629106500670e+01
4.712935880135406563e+01
4.713802112432811953e+01
4.714665346300214566e+01
4.715525601838207592e+01
4.716382898949093772e+01
4.717237257339454715e+01
4.718088696522676173e+01
4.718937235821441334e+01
4.719782894370176507e+01
4.720625691117460576e+01
4.721465644828398922e+01
4.722302774086955424e+01
4.723137097298251774e+01
4.723968632690828429e+01
4.724797398318870023e+01
4.725623412064399531e+01
4.726446691639432629e+01
4.727267254588106482e+01
4.728085118288764477e+01
4.728900299956023900e+01
4.729712816642795303e+01
4.730522685242284808e+01
4.731329922489958051e+01
4.732134544965477119e+01
4.732936569094607648e+01
4.733736011151094658e+01
4.734532887258515643e+01
4.735327213392101697e+01
4.736119005380530211e+01
4.736908278907693415e+01
4.737695049514442758e+01
4.738479332600300609e+01
4.739261143425153477e+01
4.740040497110911843e+01
4.740817408643160036e+01
4.741591892872762770e+01
4.742363964517467423e+01
4.743133638163465093e+01
4.743900928266943140e+01
4.744665849155605741e+01
4.745428415030180247e+01
4.746188639965892264e+01
4.746946537913930797e+01
4.747702122702879990e+01
4.748455408040143766e+01
4.749206407513334227e+01
4.749955134591659345e+01
4.750701602627272990e+01
4.751445824856614308e+01
4.752187814401732169e+01
4.752927584271581907e+01
4.753665147363309273e+01
4.754400516463513782e+01
4.755133704249499260e+01
4.755864723290499541e+01
4.756593586048893485e+01
4.757320304881401540e+01
4.758044892040260265e+01
4.758767359674391173e+01
4.759487719830543995e+01
4.760205984454428574e+01
4.760922165391831129e+01
4.761636274389714885e+01
4.762348323097303648e+01
4.763058323067154731e+01
4.763766285756214813e+01
4.764472222526860890e+01
4.765176144647927714e+01
4.765878063295724587e+01
4.766577989555033668e+01
4.767275934420096917e+01
4.767971908795591673e+01
4.768665923497589887e+01
4.769357989254507402e+01
4.770048116708038322e+01
4.770736316414081557e+01
4.771422598843647478e+01
4.772106974383761724e+01
4.772789453338347698e+01
4.773470045929107641e+01
4.774148762296381676e+01
4.774825612500006855e+01
4.775500606520152047e+01
4.776173754258157089e+01
4.776845065537346358e+01
4.777514550103843760e+01
4.778182217627367834e+01
4.778848077702024000e+01
4.779512139847084740e+01
4.780174413507754139e+01
4.780834908055931010e+01
4.781493632790959225e+01
4.782150596940363840e+01
4.782805809660587926e+01
4.783459280037710215e+01
4.784111017088156359e+01
4.784761029759408757e+01
4.785409326930695073e+01
4.786055917413678884e+01
4.786700809953135405e+01
