# k_h
3.121470000000000147e-02
4.425230000000000136e-02
5.438799999999999885e-02
6.273525000000000629e-02
7.010365000000000346e-02
7.710440000000000349e-02
8.893805000000000460e-02
9.476479999999999626e-02
9.938400000000000012e-02
1.042283499999999974e-01
1.093088499999999991e-01
1.128326999999999941e-01
1.183326499999999976e-01
1.260851000000000055e-01
1.301498000000000099e-01
1.343455000000000066e-01
1.364937999999999985e-01
1.408940499999999929e-01
1.431470499999999979e-01
1.477617499999999973e-01
1.549642499999999978e-01
1.574422500000000058e-01
1.599598999999999882e-01
1.625177999999999900e-01
1.704395999999999967e-01
1.731650499999999870e-01
1.787475000000000036e-01
1.816058000000000117e-01
1.845098500000000030e-01
1.874603499999999978e-01
1.904579999999999884e-01
1.935035999999999978e-01
1.997416499999999928e-01
2.029356999999999966e-01
2.061808499999999988e-01
2.094778999999999947e-01
2.128276500000000071e-01
2.162309500000000051e-01
2.196886500000000131e-01
2.232016500000000014e-01
2.267708499999999960e-01
2.303971499999999950e-01
2.340814499999999965e-01
2.378245999999999971e-01
2.416275999999999979e-01
2.454914499999999999e-01
2.494171000000000027e-01
2.534055000000000057e-01
2.574577000000000115e-01
2.615746999999999933e-01
2.657574999999999799e-01
2.700072000000000028e-01
2.743248500000000090e-01
2.787115499999999746e-01
2.831683999999999868e-01
2.876965499999999953e-01
2.922970999999999764e-01
2.969711999999999907e-01
3.017200500000000174e-01
3.065448000000000062e-01
3.114467000000000207e-01
3.164270000000000138e-01
3.214869499999999936e-01
3.266278499999999974e-01
3.318509499999999779e-01
3.371575499999999725e-01
3.425489999999999924e-01
3.480266499999999930e-01
3.535919000000000145e-01
3.592461499999999863e-01
3.649908499999999778e-01
3.708273999999999737e-01
3.767572499999999880e-01
3.827819499999999819e-01
3.889029999999999987e-01
3.951219000000000259e-01
4.014402499999999985e-01
4.078596500000000180e-01
4.143817000000000195e-01
4.210080500000000225e-01
4.277403499999999914e-01
4.345802999999999749e-01
4.415296499999999957e-01
4.485900999999999916e-01
4.557634500000000144e-01
4.630515499999999784e-01
4.704561500000000174e-01
4.779791500000000193e-01
4.856225000000000125e-01
4.933880500000000224e-01
5.012777499999999664e-01
5.092936500000000422e-01
5.174377000000000004e-01
5.257119999999999571e-01
5.341186500000000281e-01
5.426596999999999671e-01
5.513373000000000301e-01
5.601536499999999474e-01
5.691110499999999517e-01
5.782116499999999659e-01
5.874577500000000008e-01
5.968517500000000142e-01
6.063959500000000169e-01
6.160927999999999960e-01
6.259447000000000205e-01
6.359540999999999666e-01
6.461236000000000201e-01
6.564556999999999753e-01
6.669530000000000181e-01
6.776181999999999483e-01
6.884539499999999812e-01
6.994629500000000277e-01
7.106479999999999464e-01
7.220119000000000398e-01
7.335574999999999735e-01
7.452877500000000266e-01
7.572056000000000342e-01
7.693140000000000533e-01
7.816160500000000066e-01
7.941148000000000096e-01
8.068134000000000139e-01
8.197151000000000298e-01
8.328231000000000384e-01
8.461406999999999679e-01
8.596712499999999979e-01
8.734182000000000334e-01
8.873849499999999502e-01
9.015750000000000153e-01
9.159920000000000284e-01
9.306395499999999821e-01
9.455213500000000382e-01
9.606411000000000255e-01
9.760026000000000534e-01
9.916097999999999857e-01
1.007466549999999961e+00
1.023576849999999983e+00
1.039944750000000084e+00
1.056574399999999914e+00
1.073469999999999924e+00
1.090635749999999904e+00
1.108076000000000061e+00
1.125795150000000078e+00
1.143797649999999999e+00
1.162088049999999928e+00
1.180670899999999968e+00
1.199550899999999976e+00
1.218732799999999949e+00
1.238221449999999946e+00
1.258021749999999939e+00
1.278138650000000043e+00
1.298577249999999905e+00
1.319342699999999979e+00
1.340440199999999971e+00
1.361875050000000087e+00
1.383652649999999928e+00
1.405778500000000042e+00
1.428258199999999922e+00
1.451097349999999953e+00
1.474301700000000048e+00
1.497877150000000102e+00
1.521829600000000005e+00
1.546165000000000012e+00
1.570889600000000108e+00
1.596009599999999917e+00
1.621531199999999950e+00
1.647460949999999924e+00
1.673805350000000081e+00
1.700571000000000055e+00
1.727764700000000042e+00
1.755393250000000016e+00
1.783463599999999927e+00
1.811982800000000005e+00
1.840958050000000013e+00
1.870396649999999994e+00
1.900306000000000051e+00
1.930693599999999899e+00
1.961567150000000037e+00
1.992934399999999995e+00
2.024803200000000025e+00
2.057181649999999973e+00
2.090077899999999822e+00
2.123500149999999920e+00
2.157456849999999982e+00
2.191956550000000004e+00
2.227007899999999818e+00
2.262619799999999959e+00
2.298801150000000071e+00
2.335561049999999916e+00
2.372908799999999818e+00
2.410853799999999936e+00
2.449405549999999820e+00
2.488573750000000029e+00
2.528368299999999902e+00
2.568799250000000089e+00
2.609876700000000049e+00
2.651610999999999940e+00
2.694012700000000038e+00
2.737092399999999870e+00
2.780860999999999805e+00
2.825329500000000049e+00
2.870509100000000036e+00
2.916411150000000063e+00
2.963047200000000103e+00
3.010429049999999940e+00
3.058568549999999941e+00
3.107477799999999846e+00
3.157169199999999787e+00
3.207655250000000180e+00
3.258948600000000084e+00
3.311062150000000148e+00
3.364008999999999805e+00
3.417802550000000217e+00
3.472456349999999858e+00
