# k_h
9.999999999999997430e-06
1.059560179277615363e-05
1.122667773510812697e-05
1.189534067370320327e-05
1.260382929679727897e-05
1.335451562929898785e-05
1.414991297434575428e-05
1.499268432786044576e-05
1.588565129428051183e-05
1.683180353330957396e-05
1.783430876931909554e-05
1.889652339691209440e-05
2.002200371815583463e-05
2.121451784910628207e-05
2.247805833548726940e-05
2.381685551976159092e-05
2.523539170434765982e-05
2.673841615839945909e-05
2.833096101839322587e-05
3.001835813575586329e-05
3.180625692794120948e-05
3.370064329271929066e-05
3.570785964900462521e-05
3.783462617131927425e-05
4.008806328898462134e-05
4.247571552536894473e-05
4.500557675700499595e-05
4.768611697714470366e-05
5.052631065335678871e-05
5.353566677410721543e-05
5.672426068491973050e-05
6.010276782070386286e-05
6.368249944718588386e-05
6.747544053110692778e-05
7.149428986597574894e-05
7.575250258771908476e-05
8.026433522257180400e-05
8.504489341802682300e-05
9.011018251665020671e-05
9.547716114208056244e-05
1.011637979766206606e-04
1.071891319205128638e-04
1.135733358343103986e-04
1.203377840777589879e-04
1.275051240713013080e-04
1.350993521198026238e-04
1.431458937523477778e-04
1.516716888470921384e-04
1.607052818261639417e-04
1.702769172225900018e-04
1.804186409392071779e-04
1.911644075385704510e-04
2.025501939230665328e-04
2.146141197858405505e-04
2.273965752357928803e-04
2.409403560239524868e-04
2.552908068239516468e-04
2.704959730463133284e-04
2.866067616948247943e-04
3.036771118035459403e-04
3.217641750250736896e-04
3.409285069746811479e-04
3.612342699709429443e-04
3.827494478516312590e-04
4.055460735840827930e-04
4.297004704320838407e-04
4.552935074866949262e-04
4.824108704165368721e-04
5.111433483440168618e-04
5.415871378079471863e-04
5.738441648302397384e-04
6.080224261649423657e-04
6.442363508721371881e-04
6.826071834272391149e-04
7.232633896483536525e-04
7.663410868007455466e-04
8.119844993184007235e-04
8.603464416684504078e-04
9.115888299750818944e-04
9.658832241158695885e-04
1.023411402105452997e-03
1.084365968689609758e-03
1.148951000187309205e-03
1.217382727739661210e-03
1.289890261253307966e-03
1.366716356462006638e-03
1.448118227674533281e-03
1.534368408930012828e-03
1.625755666443794243e-03
1.722585965398786088e-03
1.825183494319043784e-03
1.933891750455231026e-03
2.049074689815846492e-03
2.171117945694502494e-03
2.300430119772917722e-03
2.437444150122221494e-03
2.582618760682674035e-03
2.736439997074670023e-03
2.899422853882877623e-03
3.072112998861755134e-03
3.255088599835057224e-03
3.448962260405758883e-03
3.654383070957259796e-03
3.872038781812553888e-03
4.102658105827193709e-03
4.347013158125023757e-03
4.605922041145103958e-03
4.880251583654432457e-03
5.170920242896757252e-03
5.478901179593939977e-03
5.805225516094899250e-03
6.150985788580499818e-03
6.517339604882425863e-03
6.905513520162321478e-03
7.316807143427194425e-03
7.752597488629463240e-03
8.214343584919419142e-03
8.703591361485159619e-03
9.221978823334330000e-03
9.771241535346504928e-03
1.035321843295661758e-02
1.096985797892383735e-02
1.162322468679852228e-02
1.231550603292825077e-02
1.304901978014402428e-02
1.382622173764655460e-02
1.464971398307286267e-02
1.552225357427047293e-02
1.644676177994663230e-02
1.742633386009650662e-02
1.846424942895541835e-02
1.956398343517063224e-02
2.072921779595371730e-02
2.196385372416547951e-02
2.327202478960407883e-02
2.465811075822603102e-02
2.612675225563329887e-02
2.768286630392064254e-02
2.933166278390044596e-02
3.107866187782011916e-02
3.292971255097153910e-02
3.489101213406769347e-02
3.696912707195029041e-02
3.917101490809260511e-02
4.150404757850475329e-02
4.397603609302717931e-02
4.659525668664685205e-02
4.937047852839005629e-02
5.231099308056263997e-02
5.542664520663105610e-02
5.872786613189479726e-02
6.222570836730226262e-02
6.593188271333540185e-02
6.985879746785250699e-02
7.401959996915644102e-02
7.842822061337678674e-02
8.309941949353390200e-02
8.804883581643471735e-02
9.329304026284673812e-02
9.884959046625588219e-02
1.047370897959449543e-01
1.109752496412071687e-01
1.175849554052156021e-01
1.245883364295009010e-01
1.320088400831418707e-01
1.398713102647238804e-01
1.482020705798858251e-01
1.570290124729376569e-01
1.663816886076127655e-01
1.762914118095945948e-01
1.867913599020783189e-01
1.979166867853557332e-01
2.097046401323232057e-01
2.221946860939522372e-01
2.354286414322419585e-01
2.494508135230313339e-01
2.643081486974105943e-01
2.800503894183630216e-01
2.967302408188868257e-01
3.144035471591503095e-01
3.331294787934675483e-01
3.529707302730645258e-01
3.739937302478797965e-01
3.962688638701477029e-01
4.198707084443907278e-01
4.448782831127588988e-01
4.713753134116718257e-01
4.994505115855132349e-01
5.291978735958441371e-01
5.607169938205456283e-01
5.941133984965040193e-01
6.294988990221892511e-01
6.669919663030112744e-01
7.067181273927491958e-01
7.488103857590021617e-01
7.934096665797487624e-01
8.406652885618333126e-01
8.907354638610445186e-01
9.437878277775367808e-01
1.000000000000000000e+00
