# k_h
1.029048598866211250e-05
1.136470837082015350e-05
1.255106963071739301e-05
1.386127496516564861e-05
1.530825102236121893e-05
1.690627868811134249e-05
1.867112405307125300e-05
2.062020030280109495e-05
2.277274143125396222e-05
2.514998595870565623e-05
2.777538975351490080e-05
3.067486250074580312e-05
3.387700780876912177e-05
3.741342516150325537e-05
4.131900641368702054e-05
4.563229595078155398e-05
5.039584721089340746e-05
5.565666288021020591e-05
6.146665691630914807e-05
6.788315658923238516e-05
7.496947364415973425e-05
8.279553003376349807e-05
9.143854549620300531e-05
1.009838088066317141e-04
1.115254999604076147e-04
1.231676287716254592e-04
1.360250898869708180e-04
1.502247323514893651e-04
1.659066911088302732e-04
1.832256675697863102e-04
2.023525739787146449e-04
2.234761486761271954e-04
2.468047896400094032e-04
2.725687227211892605e-04
3.010221407748758793e-04
3.324458375573158264e-04
3.671498270705342293e-04
4.054765449836850166e-04
4.478042246773838997e-04
4.945504479110240936e-04
5.461765103973448277e-04
6.031918455846607685e-04
6.661589723080396652e-04
7.356992573477327824e-04
8.124988526105880737e-04
8.973155054263770580e-04
9.909862419590353966e-04
1.094435108825564384e-03
1.208683126606047153e-03
1.334857428446412086e-03
1.474203076213598251e-03
1.628095051273703575e-03
1.798051758669316769e-03
1.985750161111354828e-03
2.193042542785406113e-03
2.421973971650004387e-03
2.674803603440523148e-03
2.954025985673069954e-03
3.262396669015288353e-03
3.602957818657159805e-03
3.979070112109184265e-03
4.394445102661848068e-03
4.853180609643459320e-03
5.359803792089223862e-03
5.919313058257102966e-03
6.537229754030704498e-03
7.219650782644748688e-03
7.973309606313705444e-03
8.805641904473304749e-03
9.724862873554229736e-03
1.074003987014293671e-02
1.186119206249713898e-02
1.309938076883554459e-02
1.446682307869195938e-02
1.597701385617256165e-02
1.764485239982604980e-02
1.948679797351360321e-02
2.152102254331111908e-02
2.376759983599185944e-02
2.624869719147682190e-02
2.898879535496234894e-02
3.201493248343467712e-02
3.535696864128112793e-02
3.904788196086883545e-02
4.312408715486526489e-02
4.743649438023567200e-02
5.174890160560607910e-02
5.606131255626678467e-02
6.037371978163719177e-02
6.468612700700759888e-02
6.899853795766830444e-02
7.331094890832901001e-02
7.762335240840911865e-02
8.193576335906982422e-02
8.624817430973052979e-02
9.056058526039123535e-02
9.698427468538284302e-02
1.034079641103744507e-01
1.098316609859466553e-01
1.162553504109382629e-01
1.226790472865104675e-01
1.291027367115020752e-01
1.355264335870742798e-01
1.419501304626464844e-01
1.483738124370574951e-01
1.547975093126296997e-01
1.612212061882019043e-01
1.676448881626129150e-01
1.740685850381851196e-01
1.804922819137573242e-01
1.869159787893295288e-01
1.933396607637405396e-01
1.997633576393127441e-01
2.061870545148849487e-01
2.126107364892959595e-01
2.190344333648681641e-01
2.254581302404403687e-01
2.318818271160125732e-01
2.383055090904235840e-01
2.447292059659957886e-01
2.511529028415679932e-01
2.575765848159790039e-01
2.640002965927124023e-01
2.704239785671234131e-01
2.768476605415344238e-01
2.832713723182678223e-01
2.896950542926788330e-01
2.961187362670898438e-01
3.025424480438232422e-01
3.089661300182342529e-01
3.153898119926452637e-01
3.218135237693786621e-01
3.282372057437896729e-01
3.346609175205230713e-01
3.410845994949340820e-01
3.475082814693450928e-01
3.539319932460784912e-01
3.603556752204895020e-01
3.667793571949005127e-01
3.732030689716339111e-01
3.796267509460449219e-01
3.860504329204559326e-01
3.924741446971893311e-01
3.988978266716003418e-01
4.053215086460113525e-01
4.117452204227447510e-01
4.181689023971557617e-01
4.245926141738891602e-01
4.310162961483001709e-01
4.374399781227111816e-01
4.438636898994445801e-01
4.502873718738555908e-01
4.567110538482666016e-01
4.631347656250000000e-01
4.695584475994110107e-01
4.759821295738220215e-01
4.824058413505554199e-01
4.888295233249664307e-01
4.952532052993774414e-01
5.016769170761108398e-01
5.081006288528442383e-01
5.145242810249328613e-01
6.232179999351501465e-01
8.697707653045654297e-01
1.213862895965576172e+00
1.694082140922546387e+00
